0.018779 -0.251174
0.007042 -0.215962
0.030516 -0.197183
0.084507 -0.176056
0.176056 -0.119718
0.237089 0.007042
0.208920 0.119718
0.164319 0.194836
0.129108 0.239437
0.136150 0.281690
0.051643 0.244131
0.002347 0.286385
-0.044601 0.284038
-0.016432 0.237089
-0.044601 0.197183
-0.089202 0.208920
-0.112676 0.204225
-0.152582 0.145540
-0.208920 0.058685
-0.248826 -0.011737
-0.288732 -0.016432
-0.340376 0.018779
-0.382629 0.014085
-0.380282 -0.032864
-0.345070 -0.093897
-0.262911 -0.124413
-0.206573 -0.117371
-0.152582 -0.105634
-0.154930 -0.169014
-0.171362 -0.241784
-0.105634 -0.227700
-0.046948 -0.276995