100 4950
0 1 42.948809
0 2 38.649555
0 3 29.075174
0 4 10.076412
0 5 34.508600
0 6 53.012681
0 7 6.043987
0 8 66.933776
0 9 14.117558
0 10 32.851241
0 11 71.780762
0 12 95.792387
0 13 27.100230
0 14 49.518469
0 15 18.150687
0 16 3.406298
0 17 40.441719
0 18 7.373459
0 19 97.431055
0 20 74.291224
0 21 2.621417
0 22 94.427598
0 23 38.821728
0 24 64.833966
0 25 88.996389
0 26 22.783356
0 27 61.560213
0 28 48.749665
0 29 89.146110
0 30 96.160950
0 31 77.234772
0 32 75.254703
0 33 81.359895
0 34 12.609202
0 35 57.970957
0 36 79.936276
0 37 43.842774
0 38 21.922684
0 39 96.874025
0 40 57.538058
0 41 72.235170
0 42 9.338026
0 43 2.441712
0 44 65.744554
0 45 8.686247
0 46 69.758050
0 47 49.618864
0 48 79.535104
0 49 38.990331
0 50 70.053150
0 51 56.747475
0 52 56.791694
0 53 81.190325
0 54 70.915173
0 55 69.872711
0 56 7.583111
0 57 71.571579
0 58 94.289745
0 59 13.697506
0 60 81.911165
0 61 52.114233
0 62 77.588901
0 63 11.935359
0 64 3.693061
0 65 77.241517
0 66 51.686507
0 67 88.893029
0 68 82.367210
0 69 87.096100
0 70 16.124868
0 71 38.821788
0 72 27.748150
0 73 39.596055
0 74 62.011628
0 75 89.907990
0 76 78.619389
0 77 54.166557
0 78 10.761879
0 79 95.730676
0 80 31.041414
0 81 96.312991
0 82 95.141146
0 83 58.596060
0 84 18.465289
0 85 24.095592
0 86 7.990759
0 87 26.365662
0 88 52.480567
0 89 25.085408
0 90 83.567811
0 91 7.226978
0 92 80.389558
0 93 95.525764
0 94 56.607778
0 95 15.312545
0 96 53.788232
0 97 52.193020
0 98 65.018596
0 99 94.155351
1 2 30.947341
1 3 21.844958
1 4 23.540780
1 5 64.675490
1 6 55.025629
1 7 23.164572
1 8 97.758981
1 9 9.725079
1 10 60.010261
1 11 41.751716
1 12 50.526135
1 13 38.175420
1 14 56.767894
1 15 99.984421
1 16 16.162123
1 17 68.112467
1 18 42.703099
1 19 40.466367
1 20 81.714674
1 21 30.913661
1 22 60.259123
1 23 74.296462
1 24 19.121040
1 25 25.811214
1 26 1.859247
1 27 93.541003
1 28 17.284662
1 29 48.004025
1 30 21.875289
1 31 11.058464
1 32 8.881954
1 33 72.462340
1 34 69.823100
1 35 70.221462
1 36 73.140012
1 37 0.276397
1 38 3.223131
1 39 62.099979
1 40 22.876880
1 41 64.732242
1 42 73.427491
1 43 98.314459
1 44 51.771807
1 45 50.255011
1 46 3.203157
1 47 14.036950
1 48 26.133628
1 49 98.941950
1 50 90.974292
1 51 17.512937
1 52 54.361297
1 53 66.614483
1 54 83.364904
1 55 59.996116
1 56 56.841300
1 57 43.150725
1 58 55.046348
1 59 73.132820
1 60 89.202452
1 61 70.316760
1 62 22.882525
1 63 9.602383
1 64 42.649455
1 65 74.397153
1 66 99.978775
1 67 27.214257
1 68 56.522237
1 69 80.632113
1 70 64.478895
1 71 76.682216
1 72 30.279022
1 73 91.800803
1 74 77.817870
1 75 88.940491
1 76 14.776716
1 77 94.247280
1 78 37.626301
1 79 9.136276
1 80 96.023118
1 81 1.227633
1 82 91.595652
1 83 91.327493
1 84 58.501106
1 85 55.663880
1 86 70.351891
1 87 50.434322
1 88 29.715868
1 89 92.222216
1 90 19.748218
1 91 66.137448
1 92 62.791905
1 93 2.090262
1 94 25.975971
1 95 47.185583
1 96 9.747392
1 97 52.909964
1 98 30.506023
1 99 93.969282
2 3 74.499246
2 4 91.029861
2 5 26.111288
2 6 42.237686
2 7 11.703028
2 8 93.572424
2 9 10.084208
2 10 31.479266
2 11 55.207560
2 12 43.769234
2 13 46.251432
2 14 17.757256
2 15 18.204983
2 16 74.598809
2 17 53.501095
2 18 42.684919
2 19 6.082702
2 20 62.968861
2 21 95.276471
2 22 77.745375
2 23 22.534472
2 24 59.516873
2 25 91.852993
2 26 86.305259
2 27 29.663662
2 28 7.559864
2 29 15.203942
2 30 84.440926
2 31 43.612511
2 32 38.806247
2 33 54.873412
2 34 36.090565
2 35 8.676966
2 36 33.149757
2 37 62.513341
2 38 88.065031
2 39 94.917483
2 40 95.197383
2 41 92.604848
2 42 36.094765
2 43 6.951934
2 44 31.140358
2 45 57.372206
2 46 14.359695
2 47 74.917587
2 48 6.159211
2 49 5.011217
2 50 17.843579
2 51 22.514854
2 52 24.760976
2 53 12.091951
2 54 99.373718
2 55 71.596310
2 56 4.278645
2 57 53.359108
2 58 31.351539
2 59 47.940281
2 60 5.220015
2 61 75.141566
2 62 85.949091
2 63 98.649045
2 64 41.235063
2 65 52.195944
2 66 66.940995
2 67 18.037504
2 68 16.178100
2 69 52.047277
2 70 21.360930
2 71 5.928959
2 72 26.072868
2 73 65.753206
2 74 69.816280
2 75 49.950364
2 76 19.745882
2 77 89.506348
2 78 20.564107
2 79 31.720285
2 80 33.475292
2 81 57.602818
2 82 74.346093
2 83 5.748514
2 84 2.209594
2 85 34.043101
2 86 84.499700
2 87 89.417092
2 88 2.742527
2 89 67.394844
2 90 10.007280
2 91 32.588273
2 92 2.687551
2 93 1.535305
2 94 87.914383
2 95 6.185738
2 96 73.177333
2 97 13.504596
2 98 55.943116
2 99 60.521174
3 4 72.920653
3 5 18.939040
3 6 76.145859
3 7 56.189059
3 8 26.581249
3 9 45.417299
3 10 46.089198
3 11 63.028348
3 12 1.400068
3 13 24.540196
3 14 35.327516
3 15 55.950466
3 16 32.564512
3 17 94.678428
3 18 51.820112
3 19 10.358859
3 20 60.035188
3 21 38.060676
3 22 25.465375
3 23 14.436062
3 24 17.372830
3 25 98.237844
3 26 94.069959
3 27 70.750121
3 28 56.564983
3 29 36.947495
3 30 90.840488
3 31 55.432882
3 32 1.934122
3 33 93.015843
3 34 61.879890
3 35 39.608521
3 36 0.915919
3 37 0.172832
3 38 87.189882
3 39 54.801430
3 40 79.828359
3 41 5.519284
3 42 39.325775
3 43 1.728372
3 44 18.709499
3 45 5.873219
3 46 90.119224
3 47 60.180585
3 48 30.883615
3 49 85.335851
3 50 67.779111
3 51 56.627318
3 52 70.122609
3 53 94.155955
3 54 74.200270
3 55 85.723033
3 56 91.101478
3 57 56.334648
3 58 95.454308
3 59 62.076323
3 60 57.303772
3 61 31.400879
3 62 77.206272
3 63 99.439344
3 64 24.614924
3 65 84.401193
3 66 91.195495
3 67 75.902365
3 68 28.548421
3 69 37.385638
3 70 88.938441
3 71 45.728809
3 72 68.381777
3 73 85.534974
3 74 24.455927
3 75 1.141951
3 76 12.436334
3 77 61.562561
3 78 29.096604
3 79 70.675184
3 80 45.316911
3 81 23.137685
3 82 38.423163
3 83 64.623606
3 84 40.134378
3 85 19.815266
3 86 3.647175
3 87 42.685425
3 88 66.566282
3 89 68.320236
3 90 68.243114
3 91 84.057422
3 92 39.067616
3 93 28.023132
3 94 54.141555
3 95 86.049602
3 96 68.625937
3 97 22.056718
3 98 81.296094
3 99 3.709823
4 5 6.161989
4 6 93.761767
4 7 39.438119
4 8 70.000052
4 9 56.009110
4 10 23.013389
4 11 41.477997
4 12 3.741658
4 13 93.861626
4 14 52.467564
4 15 14.280869
4 16 20.847928
4 17 45.164558
4 18 89.880856
4 19 24.439722
4 20 13.287752
4 21 67.123958
4 22 59.394520
4 23 94.187916
4 24 49.775280
4 25 30.349214
4 26 72.037543
4 27 35.737985
4 28 82.356028
4 29 14.595728
4 30 73.691394
4 31 21.102893
4 32 13.860773
4 33 17.158348
4 34 7.372582
4 35 8.850629
4 36 92.624343
4 37 22.173043
4 38 95.927365
4 39 69.262436
4 40 52.917153
4 41 94.416277
4 42 11.096265
4 43 85.009553
4 44 12.213155
4 45 42.148572
4 46 45.394301
4 47 55.732864
4 48 69.718642
4 49 40.130844
4 50 44.366153
4 51 1.804403
4 52 24.512133
4 53 16.149039
4 54 88.513748
4 55 45.069149
4 56 46.196315
4 57 82.214706
4 58 36.556999
4 59 42.510137
4 60 86.138860
4 61 35.066119
4 62 54.676806
4 63 62.549358
4 64 13.179644
4 65 59.676616
4 66 60.002583
4 67 23.091587
4 68 94.107740
4 69 44.183868
4 70 0.844974
4 71 55.437624
4 72 16.262298
4 73 54.985782
4 74 81.037608
4 75 18.838157
4 76 67.287224
4 77 26.705813
4 78 11.240107
4 79 66.728835
4 80 45.370339
4 81 93.312466
4 82 36.167757
4 83 57.581769
4 84 72.223502
4 85 23.884819
4 86 43.451619
4 87 10.828133
4 88 20.610932
4 89 29.347910
4 90 7.196058
4 91 31.451174
4 92 48.408772
4 93 74.958874
4 94 57.289032
4 95 65.618325
4 96 51.979707
4 97 67.406748
4 98 94.133667
4 99 4.115792
5 6 13.072215
5 7 85.095894
5 8 87.708032
5 9 20.368407
5 10 15.504873
5 11 85.515004
5 12 9.723206
5 13 15.472152
5 14 50.571797
5 15 54.550705
5 16 48.138114
5 17 43.936228
5 18 13.406244
5 19 59.186815
5 20 44.402769
5 21 10.726100
5 22 16.465022
5 23 27.237286
5 24 75.539984
5 25 62.718503
5 26 10.847261
5 27 5.592996
5 28 75.538732
5 29 45.823872
5 30 11.336785
5 31 41.919441
5 32 53.520799
5 33 62.801247
5 34 66.858180
5 35 93.824584
5 36 19.755475
5 37 46.185186
5 38 4.462401
5 39 94.222985
5 40 74.835428
5 41 55.763788
5 42 2.008507
5 43 91.954471
5 44 52.190175
5 45 20.691442
5 46 12.383991
5 47 42.672607
5 48 29.601777
5 49 72.589450
5 50 70.406832
5 51 46.600249
5 52 41.500750
5 53 57.882189
5 54 62.478301
5 55 16.956499
5 56 30.558399
5 57 75.136068
5 58 28.606192
5 59 15.691424
5 60 74.455116
5 61 56.312958
5 62 96.594117
5 63 11.621909
5 64 11.692428
5 65 99.619437
5 66 18.993059
5 67 0.144080
5 68 68.929862
5 69 66.027605
5 70 94.837384
5 71 73.404714
5 72 61.566023
5 73 71.562825
5 74 10.238108
5 75 45.146147
5 76 99.146476
5 77 43.098271
5 78 24.582135
5 79 15.396156
5 80 77.669408
5 81 56.665665
5 82 62.386866
5 83 6.756387
5 84 81.973237
5 85 44.186114
5 86 44.785409
5 87 16.249868
5 88 53.128662
5 89 37.044584
5 90 9.168402
5 91 4.520232
5 92 98.120929
5 93 13.075892
5 94 20.684218
5 95 87.632291
5 96 32.096356
5 97 27.299853
5 98 75.100124
5 99 5.805582
6 7 47.060441
6 8 36.137560
6 9 28.952733
6 10 18.119649
6 11 95.153181
6 12 69.860412
6 13 69.966877
6 14 12.561711
6 15 59.490460
6 16 68.668009
6 17 58.397807
6 18 26.744557
6 19 61.048708
6 20 74.060568
6 21 28.252411
6 22 46.204380
6 23 16.183296
6 24 59.066023
6 25 36.270931
6 26 84.395431
6 27 16.109342
6 28 88.401533
6 29 86.101384
6 30 51.330310
6 31 47.037034
6 32 22.793645
6 33 35.274796
6 34 86.271796
6 35 7.641673
6 36 20.450878
6 37 13.389987
6 38 63.964118
6 39 9.162103
6 40 43.077031
6 41 41.342545
6 42 83.598626
6 43 62.659309
6 44 43.833067
6 45 43.483359
6 46 15.040838
6 47 67.830391
6 48 0.299926
6 49 87.267855
6 50 7.802854
6 51 18.261296
6 52 56.764173
6 53 68.257881
6 54 64.827197
6 55 29.115026
6 56 57.042909
6 57 82.263975
6 58 45.355151
6 59 74.990306
6 60 81.583907
6 61 90.966484
6 62 88.984690
6 63 98.048977
6 64 50.721486
6 65 92.529855
6 66 46.480124
6 67 9.498664
6 68 19.738094
6 69 54.525119
6 70 61.977665
6 71 61.130554
6 72 70.776226
6 73 52.901462
6 74 75.938042
6 75 7.850372
6 76 1.664704
6 77 87.798464
6 78 8.529480
6 79 17.003980
6 80 22.367984
6 81 14.666442
6 82 39.081217
6 83 5.787241
6 84 96.036585
6 85 37.463060
6 86 18.829900
6 87 4.143121
6 88 3.531397
6 89 59.620225
6 90 41.388176
6 91 47.287258
6 92 67.813993
6 93 78.025935
6 94 48.196813
6 95 99.366516
6 96 47.739758
6 97 35.441718
6 98 64.678742
6 99 97.743319
7 8 99.560077
7 9 17.576878
7 10 46.895443
7 11 86.011842
7 12 8.834382
7 13 92.466705
7 14 68.213127
7 15 73.090440
7 16 15.472423
7 17 41.852497
7 18 90.818149
7 19 15.597916
7 20 90.271603
7 21 26.937063
7 22 47.878224
7 23 71.209594
7 24 72.583789
7 25 64.190143
7 26 8.727938
7 27 11.802375
7 28 45.640531
7 29 60.803953
7 30 11.664138
7 31 16.936264
7 32 8.585146
7 33 73.949875
7 34 26.768828
7 35 90.583154
7 36 2.404665
7 37 13.163066
7 38 54.634155
7 39 57.001877
7 40 60.724165
7 41 0.982549
7 42 75.946196
7 43 95.271896
7 44 85.820538
7 45 43.400112
7 46 41.591229
7 47 66.236211
7 48 95.232285
7 49 38.722192
7 50 33.280194
7 51 70.467395
7 52 44.986463
7 53 71.124592
7 54 30.644141
7 55 51.358918
7 56 11.733427
7 57 93.480754
7 58 92.335411
7 59 23.557226
7 60 7.974540
7 61 2.970063
7 62 95.876422
7 63 63.688287
7 64 12.087573
7 65 52.523389
7 66 83.829862
7 67 47.695665
7 68 17.999045
7 69 21.338966
7 70 32.321206
7 71 57.095362
7 72 48.122250
7 73 88.502361
7 74 92.026461
7 75 5.066048
7 76 27.574316
7 77 15.170161
7 78 51.445093
7 79 52.531544
7 80 87.705091
7 81 42.827745
7 82 37.610089
7 83 94.255655
7 84 52.615262
7 85 57.807294
7 86 0.344199
7 87 95.457823
7 88 63.610580
7 89 55.552993
7 90 22.753367
7 91 50.571287
7 92 13.433633
7 93 62.046119
7 94 62.855452
7 95 17.503719
7 96 94.634125
7 97 34.353540
7 98 59.074300
7 99 53.123635
8 9 14.583160
8 10 67.438897
8 11 25.786339
8 12 38.684099
8 13 93.406552
8 14 80.176532
8 15 24.188862
8 16 37.508574
8 17 40.506704
8 18 39.934006
8 19 18.466147
8 20 71.501994
8 21 0.362174
8 22 12.139840
8 23 17.561708
8 24 37.913505
8 25 68.938515
8 26 88.928875
8 27 58.821882
8 28 13.265491
8 29 8.313552
8 30 59.258452
8 31 11.358079
8 32 7.476873
8 33 29.014773
8 34 31.814375
8 35 64.181979
8 36 37.946901
8 37 67.086059
8 38 11.576397
8 39 17.000075
8 40 90.728975
8 41 56.045474
8 42 61.088794
8 43 10.010900
8 44 23.912261
8 45 82.665398
8 46 48.282295
8 47 13.130383
8 48 46.942211
8 49 19.900834
8 50 94.119509
8 51 44.777775
8 52 78.849333
8 53 50.311171
8 54 85.386688
8 55 5.686607
8 56 48.218856
8 57 28.965329
8 58 10.630501
8 59 94.162207
8 60 48.222212
8 61 86.089646
8 62 10.539258
8 63 15.789316
8 64 1.144536
8 65 36.612461
8 66 7.993804
8 67 12.800351
8 68 18.580676
8 69 46.278836
8 70 97.564066
8 71 16.146945
8 72 65.835480
8 73 2.153426
8 74 29.403065
8 75 66.774396
8 76 52.052390
8 77 49.099016
8 78 18.290925
8 79 61.680658
8 80 71.207704
8 81 83.212771
8 82 45.007267
8 83 55.048611
8 84 13.346093
8 85 38.221809
8 86 94.261051
8 87 85.072312
8 88 50.296253
8 89 61.484181
8 90 91.082833
8 91 3.055002
8 92 75.593913
8 93 52.510953
8 94 55.885099
8 95 52.938638
8 96 44.452593
8 97 28.819516
8 98 97.322139
8 99 86.631792
9 10 16.360900
9 11 91.447891
9 12 1.631725
9 13 3.334767
9 14 50.248331
9 15 85.604228
9 16 57.316631
9 17 69.517792
9 18 40.149929
9 19 90.695301
9 20 74.824780
9 21 10.290242
9 22 7.913332
9 23 28.372285
9 24 22.312648
9 25 62.605804
9 26 88.730091
9 27 47.251678
9 28 0.627278
9 29 46.080591
9 30 55.136409
9 31 28.613703
9 32 23.318062
9 33 38.158187
9 34 25.616691
9 35 58.650120
9 36 50.790254
9 37 36.937668
9 38 95.056663
9 39 29.727854
9 40 51.637888
9 41 57.187705
9 42 6.030980
9 43 65.654422
9 44 28.744649
9 45 32.901792
9 46 52.273648
9 47 14.075634
9 48 52.916958
9 49 93.206788
9 50 68.667761
9 51 12.905607
9 52 92.614320
9 53 37.518896
9 54 15.704431
9 55 17.083639
9 56 14.767816
9 57 60.548313
9 58 10.598964
9 59 66.972026
9 60 58.728329
9 61 68.085744
9 62 92.115726
9 63 90.353467
9 64 53.061934
9 65 80.461059
9 66 31.641345
9 67 56.256152
9 68 53.210627
9 69 42.146383
9 70 19.159189
9 71 40.729279
9 72 26.962380
9 73 43.182928
9 74 59.516413
9 75 22.211168
9 76 4.225249
9 77 10.942937
9 78 11.738008
9 79 97.276721
9 80 37.776082
9 81 49.195098
9 82 92.130733
9 83 96.320524
9 84 92.455151
9 85 85.523877
9 86 40.532937
9 87 83.126362
9 88 91.703771
9 89 37.860185
9 90 18.304692
9 91 42.293531
9 92 2.392822
9 93 26.212873
9 94 66.515845
9 95 94.134758
9 96 31.565783
9 97 36.647571
9 98 3.277898
9 99 27.930171
10 11 42.020781
10 12 91.141380
10 13 80.278978
10 14 11.316251
10 15 67.581794
10 16 89.149029
10 17 50.319303
10 18 16.108189
10 19 23.460095
10 20 64.548064
10 21 20.007990
10 22 98.998679
10 23 62.282645
10 24 45.087735
10 25 74.770188
10 26 89.345658
10 27 22.165044
10 28 10.548203
10 29 66.926907
10 30 65.656046
10 31 49.632374
10 32 20.523826
10 33 51.848141
10 34 47.392081
10 35 57.242041
10 36 23.076174
10 37 42.043154
10 38 89.371357
10 39 93.438567
10 40 61.459614
10 41 24.540148
10 42 42.301211
10 43 60.470957
10 44 67.704173
10 45 53.020725
10 46 34.882676
10 47 15.129179
10 48 69.047581
10 49 82.912902
10 50 40.438648
10 51 26.606955
10 52 36.040273
10 53 65.009682
10 54 14.165580
10 55 45.973924
10 56 69.604286
10 57 51.168495
10 58 25.877415
10 59 62.540979
10 60 58.408950
10 61 94.260063
10 62 67.505107
10 63 83.828376
10 64 37.633298
10 65 43.773585
10 66 84.634560
10 67 77.896992
10 68 45.517217
10 69 48.348341
10 70 67.010329
10 71 59.478889
10 72 5.060299
10 73 76.990178
10 74 34.201997
10 75 84.644123
10 76 54.809468
10 77 61.844554
10 78 69.524683
10 79 42.666499
10 80 14.883451
10 81 47.136142
10 82 87.824597
10 83 98.301821
10 84 2.214167
10 85 1.248244
10 86 70.885173
10 87 42.867865
10 88 2.442203
10 89 11.903590
10 90 67.978780
10 91 58.316164
10 92 64.985518
10 93 38.021309
10 94 38.483582
10 95 84.911458
10 96 12.507592
10 97 36.063240
10 98 8.504629
10 99 10.185414
11 12 46.343219
11 13 13.545907
11 14 24.082798
11 15 64.507045
11 16 85.397232
11 17 87.882897
11 18 9.844721
11 19 16.912991
11 20 97.613438
11 21 44.835537
11 22 83.841408
11 23 13.766656
11 24 70.318073
11 25 97.588158
11 26 36.842749
11 27 92.365943
11 28 18.574152
11 29 44.827414
11 30 57.499655
11 31 31.795109
11 32 49.140075
11 33 14.193492
11 34 73.555102
11 35 74.117073
11 36 81.707930
11 37 56.084272
11 38 83.679902
11 39 60.428253
11 40 78.803907
11 41 22.031798
11 42 74.528505
11 43 78.348823
11 44 51.065332
11 45 21.733714
11 46 53.254730
11 47 10.197033
11 48 85.565808
11 49 3.310573
11 50 76.996832
11 51 4.397054
11 52 91.442016
11 53 42.473236
11 54 27.735776
11 55 66.595527
11 56 69.282735
11 57 58.022829
11 58 63.450267
11 59 81.512857
11 60 88.572701
11 61 93.469049
11 62 74.636453
11 63 31.731030
11 64 0.940917
11 65 17.540849
11 66 89.029873
11 67 75.420477
11 68 26.045096
11 69 99.976826
11 70 96.761680
11 71 81.434384
11 72 21.630936
11 73 13.220953
11 74 13.200737
11 75 97.249534
11 76 89.636926
11 77 95.512500
11 78 57.377715
11 79 42.908606
11 80 76.172478
11 81 86.347363
11 82 0.156808
11 83 82.419621
11 84 94.779164
11 85 11.401226
11 86 28.215280
11 87 22.993987
11 88 39.591854
11 89 50.743301
11 90 77.410544
11 91 32.055422
11 92 57.848645
11 93 71.532659
11 94 12.259016
11 95 42.127761
11 96 19.655439
11 97 44.377457
11 98 67.020506
11 99 34.510476
12 13 56.993109
12 14 91.150637
12 15 18.276480
12 16 54.076495
12 17 43.662146
12 18 31.293940
12 19 28.910002
12 20 9.577704
12 21 53.191863
12 22 3.505424
12 23 89.039745
12 24 56.519288
12 25 62.698041
12 26 40.193840
12 27 80.729943
12 28 42.964836
12 29 67.255169
12 30 63.196635
12 31 10.192758
12 32 22.559949
12 33 31.556265
12 34 50.996525
12 35 83.718979
12 36 3.612845
12 37 33.465451
12 38 0.034931
12 39 51.717577
12 40 8.246228
12 41 47.525349
12 42 65.708800
12 43 9.014121
12 44 61.435525
12 45 75.563507
12 46 22.250669
12 47 18.952616
12 48 16.174272
12 49 56.249058
12 50 24.930058
12 51 23.864878
12 52 48.058352
12 53 75.782787
12 54 92.877591
12 55 15.115999
12 56 20.256414
12 57 57.860920
12 58 56.321529
12 59 62.204127
12 60 28.134726
12 61 32.634908
12 62 28.139663
12 63 42.287184
12 64 81.730392
12 65 71.596498
12 66 66.367783
12 67 69.028766
12 68 73.817713
12 69 28.149508
12 70 91.669266
12 71 92.799955
12 72 11.488179
12 73 42.086605
12 74 11.758577
12 75 33.043320
12 76 59.965469
12 77 50.271583
12 78 83.384748
12 79 7.999917
12 80 58.802493
12 81 95.534531
12 82 11.719204
12 83 47.019615
12 84 22.658396
12 85 41.119399
12 86 46.855575
12 87 6.319623
12 88 31.529155
12 89 78.980445
12 90 87.617435
12 91 60.325628
12 92 48.606213
12 93 66.806140
12 94 43.983127
12 95 7.624443
12 96 77.863391
12 97 40.856059
12 98 41.175222
12 99 13.076669
13 14 88.023031
13 15 29.528398
13 16 70.825308
13 17 5.782319
13 18 84.728218
13 19 36.032724
13 20 7.613233
13 21 66.361981
13 22 8.548575
13 23 67.624635
13 24 13.393065
13 25 66.410518
13 26 72.873038
13 27 63.566039
13 28 45.056406
13 29 67.999935
13 30 32.793680
13 31 14.306737
13 32 67.246973
13 33 51.752512
13 34 93.760552
13 35 70.340129
13 36 46.528576
13 37 18.274871
13 38 27.088167
13 39 10.767784
13 40 69.721986
13 41 99.638114
13 42 58.320145
13 43 78.814710
13 44 85.864383
13 45 25.108804
13 46 34.009248
13 47 94.369188
13 48 18.608476
13 49 8.479983
13 50 52.645835
13 51 22.078045
13 52 33.866496
13 53 63.121026
13 54 66.268567
13 55 7.610271
13 56 76.117721
13 57 5.259635
13 58 20.716936
13 59 94.408953
13 60 6.036356
13 61 76.028797
13 62 4.536010
13 63 98.583462
13 64 81.959913
13 65 98.456090
13 66 19.219552
13 67 50.550961
13 68 28.206520
13 69 86.842222
13 70 66.778417
13 71 8.618204
13 72 24.362862
13 73 42.870251
13 74 74.547019
13 75 11.901755
13 76 31.402740
13 77 5.306428
13 78 41.691283
13 79 67.816707
13 80 42.859495
13 81 68.298177
13 82 97.057436
13 83 62.821019
13 84 12.263895
13 85 47.044209
13 86 3.801643
13 87 44.184678
13 88 61.672255
13 89 49.006354
13 90 32.666391
13 91 45.259827
13 92 20.347934
13 93 3.852197
13 94 52.820189
13 95 17.060143
13 96 77.522595
13 97 15.962091
13 98 56.853030
13 99 84.914677
14 15 58.651901
14 16 29.603765
14 17 44.820797
14 18 70.543480
14 19 50.693596
14 20 38.772160
14 21 41.157564
14 22 7.109317
14 23 8.674215
14 24 31.211709
14 25 7.825571
14 26 27.631822
14 27 73.173924
14 28 29.282835
14 29 47.248375
14 30 25.607489
14 31 16.347310
14 32 79.103889
14 33 59.373524
14 34 70.760905
14 35 12.711181
14 36 43.794404
14 37 28.636812
14 38 12.559675
14 39 0.168747
14 40 76.664924
14 41 68.651030
14 42 19.457521
14 43 56.602823
14 44 85.843339
14 45 45.117826
14 46 82.787039
14 47 67.858964
14 48 53.097090
14 49 30.762165
14 50 60.805702
14 51 4.052753
14 52 36.505189
14 53 20.014555
14 54 50.605623
14 55 52.873729
14 56 69.153515
14 57 45.717074
14 58 53.429732
14 59 80.921694
14 60 64.171369
14 61 95.304989
14 62 42.393967
14 63 7.099483
14 64 50.196829
14 65 19.716472
14 66 50.697147
14 67 75.699504
14 68 90.752943
14 69 64.708848
14 70 73.107256
14 71 11.059656
14 72 86.036366
14 73 31.310411
14 74 13.844815
14 75 20.527538
14 76 16.264536
14 77 89.812779
14 78 19.941132
14 79 87.960092
14 80 61.997067
14 81 30.009449
14 82 10.731242
14 83 66.099169
14 84 28.741503
14 85 29.312019
14 86 51.348278
14 87 32.901718
14 88 10.673189
14 89 59.926337
14 90 20.918237
14 91 24.266634
14 92 51.443460
14 93 36.446622
14 94 94.610918
14 95 93.588570
14 96 98.819956
14 97 26.026331
14 98 92.785027
14 99 77.182273
15 16 4.297336
15 17 4.710412
15 18 50.172348
15 19 63.859308
15 20 88.836272
15 21 45.564289
15 22 23.377978
15 23 76.802340
15 24 81.533036
15 25 66.910750
15 26 85.930628
15 27 76.370338
15 28 39.291632
15 29 52.286665
15 30 56.699038
15 31 83.581479
15 32 72.464866
15 33 77.657266
15 34 69.697556
15 35 5.758673
15 36 33.950338
15 37 45.976492
15 38 21.136022
15 39 18.186003
15 40 77.371834
15 41 34.357660
15 42 23.026044
15 43 18.612655
15 44 53.746156
15 45 4.919546
15 46 51.737871
15 47 25.054091
15 48 95.429942
15 49 16.798719
15 50 4.609035
15 51 31.578668
15 52 31.160545
15 53 3.869741
15 54 68.038000
15 55 71.631028
15 56 86.649625
15 57 50.390658
15 58 56.453077
15 59 63.931953
15 60 51.457566
15 61 5.091950
15 62 3.128879
15 63 32.107647
15 64 34.771424
15 65 23.152926
15 66 71.029676
15 67 95.939664
15 68 90.228607
15 69 15.060312
15 70 4.690945
15 71 29.490026
15 72 63.073037
15 73 11.519566
15 74 62.607564
15 75 69.344288
15 76 1.700055
15 77 24.390209
15 78 53.678997
15 79 34.828661
15 80 80.040891
15 81 95.042318
15 82 50.968990
15 83 91.295549
15 84 97.257025
15 85 73.581992
15 86 71.369178
15 87 47.435132
15 88 56.859315
15 89 65.069516
15 90 90.713181
15 91 28.058922
15 92 78.636280
15 93 12.154603
15 94 10.469682
15 95 4.914491
15 96 63.670485
15 97 57.478971
15 98 4.350081
15 99 99.828880
16 17 15.241467
16 18 43.747233
16 19 50.998312
16 20 96.841417
16 21 16.558230
16 22 64.542906
16 23 2.387487
16 24 12.975019
16 25 80.033791
16 26 74.767081
16 27 46.629992
16 28 80.908311
16 29 12.208861
16 30 6.003113
16 31 98.614749
16 32 91.049144
16 33 83.451255
16 34 9.161439
16 35 92.217392
16 36 25.373437
16 37 52.202104
16 38 64.434451
16 39 53.786085
16 40 90.881489
16 41 69.809589
16 42 56.892106
16 43 8.187773
16 44 26.637230
16 45 83.885297
16 46 14.974753
16 47 5.906721
16 48 15.094154
16 49 65.637989
16 50 48.690376
16 51 62.519155
16 52 75.774913
16 53 9.783959
16 54 4.499378
16 55 70.324908
16 56 57.359924
16 57 94.402802
16 58 74.670626
16 59 75.998990
16 60 72.853527
16 61 42.501874
16 62 60.318414
16 63 17.832999
16 64 41.734559
16 65 97.072281
16 66 89.380697
16 67 81.468403
16 68 12.861520
16 69 7.063783
16 70 33.474740
16 71 63.980648
16 72 42.390697
16 73 22.975500
16 74 50.867162
16 75 32.755169
16 76 92.079004
16 77 17.653839
16 78 6.721035
16 79 27.803340
16 80 95.081494
16 81 80.408630
16 82 86.333600
16 83 83.998524
16 84 8.716813
16 85 80.702940
16 86 22.253854
16 87 43.169280
16 88 36.662143
16 89 61.441609
16 90 1.970038
16 91 85.068963
16 92 56.652481
16 93 1.278055
16 94 9.282945
16 95 30.947857
16 96 33.997342
16 97 80.378415
16 98 79.531619
16 99 63.786117
17 18 36.091276
17 19 94.726690
17 20 16.513855
17 21 65.202736
17 22 88.582908
17 23 90.323990
17 24 27.244715
17 25 90.637860
17 26 29.980401
17 27 30.529593
17 28 79.622015
17 29 91.612749
17 30 28.209620
17 31 67.311013
17 32 77.618516
17 33 46.703758
17 34 20.004497
17 35 60.314841
17 36 78.796399
17 37 81.323693
17 38 21.997398
17 39 76.439594
17 40 49.740276
17 41 40.485993
17 42 40.990568
17 43 6.986435
17 44 66.430888
17 45 28.434152
17 46 80.128009
17 47 59.483038
17 48 18.632330
17 49 44.350877
17 50 97.550458
17 51 16.920517
17 52 70.041468
17 53 24.318488
17 54 24.604349
17 55 8.412790
17 56 59.249001
17 57 46.284094
17 58 91.789002
17 59 2.182326
17 60 0.487370
17 61 66.990114
17 62 42.364486
17 63 14.295711
17 64 57.691521
17 65 37.662773
17 66 35.905967
17 67 24.717062
17 68 20.574310
17 69 88.708161
17 70 57.078543
17 71 6.016780
17 72 7.219100
17 73 82.747557
17 74 48.519931
17 75 99.467720
17 76 54.117917
17 77 10.030703
17 78 80.956591
17 79 18.280359
17 80 31.634260
17 81 40.597742
17 82 58.542200
17 83 18.373068
17 84 40.545503
17 85 53.517613
17 86 32.895630
17 87 53.343163
17 88 3.620559
17 89 35.112647
17 90 65.428900
17 91 22.198877
17 92 65.114276
17 93 75.286228
17 94 34.293822
17 95 25.932024
17 96 50.610834
17 97 93.902339
17 98 29.639374
17 99 72.155519
18 19 19.824144
18 20 97.622901
18 21 18.860081
18 22 5.799612
18 23 65.764096
18 24 1.690808
18 25 92.129001
18 26 98.255073
18 27 75.103221
18 28 50.853602
18 29 17.747149
18 30 97.371212
18 31 66.629176
18 32 38.954764
18 33 46.704551
18 34 26.361063
18 35 67.344160
18 36 57.676657
18 37 6.336277
18 38 20.935684
18 39 69.073272
18 40 1.501120
18 41 14.070237
18 42 10.883935
18 43 32.369443
18 44 18.160804
18 45 24.001657
18 46 84.833758
18 47 69.053522
18 48 21.686364
18 49 91.392550
18 50 25.075420
18 51 39.903750
18 52 78.611617
18 53 3.182700
18 54 63.096745
18 55 49.809702
18 56 36.980859
18 57 76.212013
18 58 85.874902
18 59 9.131540
18 60 92.509496
18 61 69.092311
18 62 17.988825
18 63 57.056204
18 64 76.581273
18 65 88.530004
18 66 15.260899
18 67 10.417947
18 68 6.722297
18 69 96.389272
18 70 31.906029
18 71 9.751401
18 72 61.774206
18 73 39.898736
18 74 65.060814
18 75 83.271148
18 76 31.195747
18 77 34.142853
18 78 38.085016
18 79 39.022538
18 80 40.754171
18 81 23.342535
18 82 57.172050
18 83 25.624302
18 84 75.324776
18 85 35.417803
18 86 64.574816
18 87 72.824254
18 88 3.599055
18 89 22.938558
18 90 16.147630
18 91 34.515194
18 92 59.208875
18 93 52.807811
18 94 30.924618
18 95 8.908875
18 96 48.106162
18 97 66.885038
18 98 96.099444
18 99 3.241709
19 20 32.994614
19 21 86.245577
19 22 62.040746
19 23 43.686611
19 24 92.191978
19 25 72.885229
19 26 28.872250
19 27 5.071265
19 28 62.508441
19 29 94.417638
19 30 8.665971
19 31 49.553747
19 32 53.558787
19 33 59.675119
19 34 45.441555
19 35 18.582328
19 36 64.382893
19 37 6.112043
19 38 88.934236
19 39 18.267005
19 40 42.331269
19 41 23.523093
19 42 47.488490
19 43 74.716118
19 44 98.879336
19 45 92.826999
19 46 90.453964
19 47 12.942151
19 48 37.366159
19 49 3.529632
19 50 31.104809
19 51 30.616662
19 52 53.610376
19 53 88.968662
19 54 97.373045
19 55 96.255001
19 56 41.938167
19 57 84.555190
19 58 89.581161
19 59 0.337296
19 60 76.365025
19 61 70.966135
19 62 31.878648
19 63 27.422957
19 64 39.505217
19 65 11.604361
19 66 47.231714
19 67 97.491739
19 68 40.239809
19 69 31.631846
19 70 24.584955
19 71 45.545162
19 72 95.256164
19 73 14.494489
19 74 1.208291
19 75 69.927886
19 76 49.278881
19 77 11.095401
19 78 53.261984
19 79 81.879444
19 80 74.144115
19 81 66.636811
19 82 73.257142
19 83 31.502425
19 84 17.826321
19 85 70.639048
19 86 14.358575
19 87 68.634142
19 88 71.108453
19 89 26.758263
19 90 98.371450
19 91 21.034399
19 92 81.793679
19 93 20.762893
19 94 16.772709
19 95 36.852951
19 96 74.188727
19 97 37.392129
19 98 2.292729
19 99 43.515867
20 21 25.045977
20 22 39.807955
20 23 12.322264
20 24 20.970911
20 25 6.233498
20 26 78.965556
20 27 44.814217
20 28 73.657755
20 29 29.109189
20 30 44.465226
20 31 2.369328
20 32 12.619663
20 33 15.907284
20 34 3.312164
20 35 30.839398
20 36 26.849048
20 37 79.402435
20 38 98.498829
20 39 85.051204
20 40 31.260098
20 41 13.698732
20 42 95.437805
20 43 16.148771
20 44 27.607427
20 45 86.197907
20 46 71.011419
20 47 32.571233
20 48 4.220521
20 49 73.633127
20 50 37.367627
20 51 59.828004
20 52 30.599489
20 53 3.511740
20 54 80.579949
20 55 13.002559
20 56 73.718459
20 57 46.392382
20 58 72.902568
20 59 0.310593
20 60 74.308679
20 61 54.128905
20 62 86.589912
20 63 96.057948
20 64 73.444244
20 65 54.545603
20 66 97.113393
20 67 56.988122
20 68 72.429047
20 69 93.965240
20 70 14.096202
20 71 7.278802
20 72 42.284470
20 73 65.593405
20 74 19.400396
20 75 84.341315
20 76 73.062952
20 77 73.969808
20 78 23.538711
20 79 20.096493
20 80 67.763496
20 81 63.529054
20 82 73.946925
20 83 30.544928
20 84 40.800866
20 85 82.770617
20 86 61.640781
20 87 0.219130
20 88 76.781054
20 89 64.619576
20 90 76.394804
20 91 77.499671
20 92 41.761357
20 93 78.266904
20 94 54.818651
20 95 41.796884
20 96 16.224166
20 97 48.109973
20 98 50.569824
20 99 64.244237
21 22 36.669431
21 23 41.371065
21 24 31.430009
21 25 59.819026
21 26 91.031420
21 27 97.553664
21 28 74.085395
21 29 20.700592
21 30 12.051303
21 31 10.103365
21 32 84.189786
21 33 28.195745
21 34 52.287776
21 35 73.472247
21 36 16.652497
21 37 63.705647
21 38 4.623765
21 39 77.242572
21 40 9.081305
21 41 77.977939
21 42 52.928027
21 43 63.047766
21 44 69.924077
21 45 32.282414
21 46 98.956251
21 47 59.735600
21 48 82.090917
21 49 95.168050
21 50 13.627006
21 51 77.550546
21 52 92.701957
21 53 64.103814
21 54 3.483735
21 55 73.069336
21 56 60.094253
21 57 82.575093
21 58 66.454696
21 59 93.205756
21 60 20.334447
21 61 40.102215
21 62 34.948587
21 63 68.807733
21 64 17.222215
21 65 75.167000
21 66 68.874361
21 67 56.201832
21 68 12.132746
21 69 49.177855
21 70 66.349497
21 71 18.497309
21 72 53.034813
21 73 23.373409
21 74 5.661810
21 75 97.543846
21 76 35.634260
21 77 49.959276
21 78 18.475625
21 79 52.144202
21 80 33.831005
21 81 83.792006
21 82 21.323946
21 83 28.454994
21 84 11.540982
21 85 31.568866
21 86 0.104054
21 87 84.465854
21 88 53.422644
21 89 81.751570
21 90 50.594676
21 91 12.029287
21 92 68.161039
21 93 0.346672
21 94 26.938730
21 95 87.120500
21 96 24.700650
21 97 35.184814
21 98 39.586380
21 99 31.838604
22 23 79.181535
22 24 44.485574
22 25 74.368949
22 26 90.117548
22 27 38.321561
22 28 54.264193
22 29 75.174981
22 30 3.197195
22 31 83.600822
22 32 53.530980
22 33 44.125574
22 34 20.612010
22 35 49.842562
22 36 56.253746
22 37 65.196822
22 38 97.786802
22 39 11.648319
22 40 94.698118
22 41 49.913074
22 42 12.286078
22 43 81.633119
22 44 60.030145
22 45 37.035396
22 46 77.345488
22 47 65.520008
22 48 72.960117
22 49 52.095506
22 50 43.520990
22 51 50.891358
22 52 49.726064
22 53 47.176130
22 54 57.123309
22 55 28.757720
22 56 26.859936
22 57 96.514609
22 58 87.562302
22 59 60.093304
22 60 21.948966
22 61 19.307287
22 62 44.807965
22 63 3.100358
22 64 36.999304
22 65 37.518058
22 66 82.881685
22 67 11.203110
22 68 56.028472
22 69 53.545148
22 70 25.623547
22 71 96.635145
22 72 49.157796
22 73 50.276093
22 74 56.938399
22 75 29.972380
22 76 71.745424
22 77 74.361572
22 78 89.305498
22 79 12.077088
22 80 38.995148
22 81 62.464567
22 82 61.543536
22 83 11.656750
22 84 63.995730
22 85 9.792101
22 86 19.654920
22 87 9.004690
22 88 70.289952
22 89 60.392601
22 90 3.030169
22 91 24.477824
22 92 28.842198
22 93 19.502678
22 94 92.375356
22 95 38.880121
22 96 23.667859
22 97 49.652928
22 98 75.432546
22 99 32.158581
23 24 20.407392
23 25 14.293146
23 26 51.895174
23 27 76.681932
23 28 97.772405
23 29 75.373069
23 30 29.877434
23 31 21.860421
23 32 3.060691
23 33 34.615641
23 34 62.878651
23 35 97.978434
23 36 9.831586
23 37 32.145471
23 38 38.390752
23 39 48.849919
23 40 88.352678
23 41 80.686007
23 42 57.128925
23 43 75.269874
23 44 47.573313
23 45 18.714721
23 46 35.322599
23 47 34.223460
23 48 71.149946
23 49 11.766334
23 50 21.585905
23 51 92.427552
23 52 49.442875
23 53 17.499960
23 54 44.593831
23 55 77.017857
23 56 4.423475
23 57 57.196779
23 58 98.122280
23 59 1.057970
23 60 15.075512
23 61 4.030640
23 62 25.967294
23 63 67.035067
23 64 77.143711
23 65 6.754791
23 66 90.840750
23 67 67.620157
23 68 72.977259
23 69 16.373721
23 70 98.546827
23 71 9.709161
23 72 84.735440
23 73 72.919819
23 74 1.575604
23 75 85.124304
23 76 57.367159
23 77 39.630455
23 78 24.707186
23 79 99.343650
23 80 6.545619
23 81 42.621702
23 82 39.301755
23 83 48.239814
23 84 71.133972
23 85 85.580886
23 86 62.657999
23 87 2.047285
23 88 29.777256
23 89 61.050788
23 90 74.154397
23 91 15.640899
23 92 36.860520
23 93 72.554155
23 94 20.844876
23 95 34.696490
23 96 84.342494
23 97 15.107986
23 98 31.762357
23 99 8.417850
24 25 62.868782
24 26 35.602786
24 27 72.390803
24 28 51.252511
24 29 78.087995
24 30 9.072801
24 31 48.598311
24 32 18.382122
24 33 76.238858
24 34 22.059027
24 35 12.780948
24 36 72.761442
24 37 46.845777
24 38 50.067527
24 39 34.048950
24 40 25.093320
24 41 99.754953
24 42 52.551427
24 43 68.993993
24 44 22.365222
24 45 58.762609
24 46 85.895712
24 47 9.908273
24 48 45.436247
24 49 74.731462
24 50 52.559715
24 51 93.283135
24 52 51.651760
24 53 37.361088
24 54 62.833007
24 55 22.997068
24 56 64.576129
24 57 56.672336
24 58 84.586142
24 59 99.809852
24 60 69.672282
24 61 92.785550
24 62 95.948527
24 63 51.611754
24 64 22.120121
24 65 35.716798
24 66 36.021415
24 67 27.333605
24 68 10.954052
24 69 75.685901
24 70 69.534879
24 71 51.505707
24 72 52.313261
24 73 58.824579
24 74 42.783322
24 75 36.160539
24 76 3.836563
24 77 93.192520
24 78 10.224928
24 79 12.106151
24 80 2.096958
24 81 55.653775
24 82 53.806187
24 83 72.554374
24 84 25.459360
24 85 51.435354
24 86 0.373470
24 87 18.669788
24 88 75.858150
24 89 95.084458
24 90 66.459302
24 91 58.812565
24 92 54.729580
24 93 14.060323
24 94 24.281931
24 95 41.080285
24 96 80.697273
24 97 24.341156
24 98 87.972394
24 99 92.210858
25 26 59.597367
25 27 91.196174
25 28 64.844188
25 29 94.990704
25 30 71.043149
25 31 67.667348
25 32 2.946359
25 33 61.019406
25 34 79.967265
25 35 98.324879
25 36 93.191675
25 37 46.014050
25 38 16.442918
25 39 86.505075
25 40 52.027260
25 41 10.793522
25 42 92.573724
25 43 49.508745
25 44 18.915874
25 45 52.665032
25 46 41.355155
25 47 28.132808
25 48 51.821837
25 49 19.142222
25 50 69.148848
25 51 74.427324
25 52 93.446323
25 53 68.756164
25 54 10.774266
25 55 14.714690
25 56 11.132563
25 57 62.177679
25 58 64.210499
25 59 73.677272
25 60 84.162271
25 61 50.951351
25 62 60.514335
25 63 49.714286
25 64 23.590407
25 65 80.848708
25 66 93.798887
25 67 51.788263
25 68 61.816097
25 69 42.180052
25 70 95.980495
25 71 43.625953
25 72 41.763448
25 73 80.361408
25 74 91.489767
25 75 92.408098
25 76 68.846620
25 77 26.615183
25 78 8.255991
25 79 85.976966
25 80 62.819424
25 81 20.890082
25 82 53.012394
25 83 65.110133
25 84 61.160432
25 85 76.917856
25 86 81.333027
25 87 15.553513
25 88 80.820368
25 89 82.781583
25 90 5.800304
25 91 78.276133
25 92 40.959372
25 93 39.452079
25 94 89.315547
25 95 65.803717
25 96 85.727450
25 97 14.456175
25 98 64.803116
25 99 17.507703
26 27 23.192262
26 28 28.172574
26 29 7.422062
26 30 87.370744
26 31 14.194144
26 32 96.208053
26 33 60.887422
26 34 34.019403
26 35 3.209043
26 36 22.888795
26 37 85.616652
26 38 74.709198
26 39 82.225860
26 40 78.108665
26 41 53.154921
26 42 72.466685
26 43 18.195425
26 44 92.608308
26 45 58.696262
26 46 48.737880
26 47 54.784149
26 48 75.215918
26 49 61.505918
26 50 52.661744
26 51 19.966179
26 52 89.662628
26 53 91.662423
26 54 72.482051
26 55 32.413611
26 56 28.292432
26 57 80.776306
26 58 44.630479
26 59 1.695196
26 60 85.318658
26 61 84.205536
26 62 1.658311
26 63 59.969638
26 64 63.235950
26 65 62.776159
26 66 1.463595
26 67 46.160448
26 68 42.578853
26 69 83.129804
26 70 97.155250
26 71 87.525104
26 72 7.425027
26 73 77.558056
26 74 39.415047
26 75 88.081948
26 76 46.873222
26 77 76.546977
26 78 51.362961
26 79 38.534162
26 80 46.183136
26 81 90.243282
26 82 79.700928
26 83 8.130869
26 84 40.346308
26 85 68.667041
26 86 5.304559
26 87 65.331194
26 88 27.564286
26 89 14.733998
26 90 91.451898
26 91 1.187924
26 92 30.442245
26 93 59.013902
26 94 58.522830
26 95 97.043154
26 96 48.663336
26 97 30.639527
26 98 0.272320
26 99 86.429142
27 28 68.491071
27 29 74.894310
27 30 98.675123
27 31 9.993310
27 32 81.654047
27 33 74.744891
27 34 51.859208
27 35 51.817154
27 36 18.999354
27 37 30.948025
27 38 2.789630
27 39 75.674606
27 40 22.758080
27 41 43.349684
27 42 45.134114
27 43 50.576133
27 44 65.348299
27 45 14.607441
27 46 87.136167
27 47 66.370707
27 48 72.348006
27 49 66.805454
27 50 74.341070
27 51 92.228485
27 52 22.602463
27 53 21.294751
27 54 7.664570
27 55 23.502883
27 56 79.387481
27 57 42.579682
27 58 44.563736
27 59 95.771457
27 60 53.132166
27 61 88.184778
27 62 37.963854
27 63 18.780846
27 64 8.411700
27 65 38.174500
27 66 50.114851
27 67 97.571736
27 68 5.752773
27 69 0.361614
27 70 76.695246
27 71 63.235665
27 72 12.251270
27 73 0.228282
27 74 30.251126
27 75 31.556206
27 76 24.083929
27 77 68.197172
27 78 61.452224
27 79 44.212891
27 80 18.702603
27 81 31.128200
27 82 41.666697
27 83 24.276979
27 84 94.831905
27 85 99.779805
27 86 91.000672
27 87 95.404008
27 88 64.347971
27 89 19.461915
27 90 12.218283
27 91 72.428791
27 92 31.698138
27 93 17.221081
27 94 82.852300
27 95 29.994336
27 96 33.728353
27 97 35.636482
27 98 65.335139
27 99 95.396950
28 29 15.617160
28 30 90.668860
28 31 18.124428
28 32 92.005531
28 33 87.072178
28 34 28.992634
28 35 29.566959
28 36 80.413905
28 37 37.026947
28 38 88.854811
28 39 50.639287
28 40 5.910760
28 41 84.783109
28 42 87.742542
28 43 72.722846
28 44 62.902583
28 45 10.874905
28 46 70.004452
28 47 82.215931
28 48 29.600738
28 49 41.889983
28 50 48.059190
28 51 25.054458
28 52 9.584631
28 53 60.062559
28 54 61.937883
28 55 31.107916
28 56 40.778694
28 57 70.662028
28 58 63.645488
28 59 80.936490
28 60 96.931661
28 61 88.032081
28 62 5.189311
28 63 45.539842
28 64 11.862441
28 65 94.592505
28 66 72.111238
28 67 93.497569
28 68 2.537649
28 69 86.197807
28 70 57.973502
28 71 39.295904
28 72 53.471629
28 73 41.953864
28 74 19.486103
28 75 1.654738
28 76 51.990599
28 77 46.925833
28 78 86.827277
28 79 51.313578
28 80 31.578340
28 81 52.127568
28 82 29.196668
28 83 54.004613
28 84 88.821590
28 85 77.764841
28 86 91.754183
28 87 56.235540
28 88 88.399141
28 89 52.911698
28 90 26.835748
28 91 19.024368
28 92 60.109359
28 93 37.631273
28 94 39.700472
28 95 77.872977
28 96 22.106702
28 97 92.009473
28 98 57.052056
28 99 96.035641
29 30 35.318502
29 31 40.651957
29 32 5.190480
29 33 82.533396
29 34 5.439141
29 35 30.901792
29 36 53.888358
29 37 66.384521
29 38 0.949471
29 39 98.367360
29 40 41.949592
29 41 54.166060
29 42 48.285175
29 43 34.306935
29 44 50.896243
29 45 49.290724
29 46 98.578441
29 47 95.998532
29 48 34.342844
29 49 78.278169
29 50 34.323248
29 51 13.430561
29 52 42.355610
29 53 51.819061
29 54 98.865202
29 55 23.480916
29 56 2.457342
29 57 86.574935
29 58 86.792728
29 59 6.209101
29 60 31.927043
29 61 27.426385
29 62 29.107198
29 63 6.968110
29 64 59.656608
29 65 39.276636
29 66 43.475300
29 67 2.749685
29 68 30.065164
29 69 82.537067
29 70 96.917825
29 71 11.508750
29 72 46.434969
29 73 47.065822
29 74 45.964716
29 75 49.169733
29 76 86.521072
29 77 95.600169
29 78 77.607136
29 79 10.599586
29 80 89.400110
29 81 59.617748
29 82 73.302969
29 83 88.039326
29 84 69.262068
29 85 38.081457
29 86 57.843039
29 87 43.317927
29 88 59.211947
29 89 72.667203
29 90 75.061068
29 91 18.629485
29 92 26.136692
29 93 11.843306
29 94 53.171168
29 95 4.736536
29 96 26.305910
29 97 30.564833
29 98 83.942512
29 99 85.169486
30 31 90.613278
30 32 42.365726
30 33 41.971495
30 34 40.324141
30 35 38.228771
30 36 26.276092
30 37 12.987595
30 38 26.316326
30 39 17.920106
30 40 92.261527
30 41 83.429847
30 42 40.034652
30 43 67.415160
30 44 25.775941
30 45 67.456658
30 46 44.039485
30 47 62.915292
30 48 84.538826
30 49 12.102449
30 50 52.788231
30 51 3.232870
30 52 68.792440
30 53 26.470437
30 54 75.124079
30 55 36.014547
30 56 50.063990
30 57 26.651586
30 58 67.047329
30 59 87.125091
30 60 22.852307
30 61 74.485598
30 62 73.495562
30 63 98.504913
30 64 38.678137
30 65 15.330556
30 66 28.190816
30 67 14.677675
30 68 92.581653
30 69 87.683620
30 70 36.569079
30 71 83.572619
30 72 58.420337
30 73 85.796000
30 74 88.389346
30 75 53.439617
30 76 11.214926
30 77 5.351117
30 78 33.826604
30 79 54.373158
30 80 32.310611
30 81 91.825763
30 82 9.685049
30 83 50.324778
30 84 66.265253
30 85 41.329749
30 86 20.824977
30 87 35.471745
30 88 87.145880
30 89 74.520381
30 90 65.978702
30 91 27.423078
30 92 36.309278
30 93 15.613841
30 94 46.837996
30 95 78.982252
30 96 13.761991
30 97 60.566355
30 98 14.627502
30 99 90.049225
31 32 40.839636
31 33 11.173818
31 34 89.335641
31 35 51.732747
31 36 63.214899
31 37 85.139295
31 38 33.356546
31 39 95.857097
31 40 30.138159
31 41 86.083617
31 42 73.503600
31 43 54.785785
31 44 68.334199
31 45 32.025103
31 46 43.187173
31 47 58.847955
31 48 67.122987
31 49 96.030152
31 50 60.006200
31 51 11.641546
31 52 5.102073
31 53 8.537287
31 54 63.085262
31 55 87.100555
31 56 78.122644
31 57 7.283009
31 58 9.195861
31 59 86.451974
31 60 33.310815
31 61 97.808548
31 62 67.032631
31 63 78.051332
31 64 74.530292
31 65 5.202462
31 66 54.972219
31 67 18.574006
31 68 80.952040
31 69 56.034746
31 70 39.224659
31 71 20.152726
31 72 72.291173
31 73 28.363932
31 74 46.494027
31 75 84.790057
31 76 61.790706
31 77 47.249410
31 78 48.097255
31 79 74.737835
31 80 61.176495
31 81 83.377047
31 82 40.946970
31 83 25.523866
31 84 40.577077
31 85 33.206860
31 86 84.886290
31 87 36.919485
31 88 0.796762
31 89 20.477391
31 90 55.570507
31 91 96.379807
31 92 85.349758
31 93 60.952120
31 94 37.422637
31 95 99.351837
31 96 45.307771
31 97 74.969094
31 98 12.146866
31 99 31.333839
32 33 71.282904
32 34 15.655713
32 35 94.865910
32 36 67.682686
32 37 23.762343
32 38 4.596369
32 39 32.155346
32 40 28.904170
32 41 25.530757
32 42 31.291475
32 43 4.080079
32 44 1.524540
32 45 28.060929
32 46 77.922132
32 47 65.794992
32 48 97.629801
32 49 27.522615
32 50 76.735513
32 51 23.354028
32 52 79.772640
32 53 85.454227
32 54 93.791824
32 55 63.078833
32 56 22.185040
32 57 4.161371
32 58 59.864425
32 59 44.170231
32 60 14.098018
32 61 17.550922
32 62 36.960574
32 63 20.202766
32 64 36.458135
32 65 84.378732
32 66 17.230926
32 67 76.724623
32 68 59.443731
32 69 12.783681
32 70 99.961806
32 71 59.392219
32 72 14.922142
32 73 2.500272
32 74 81.894973
32 75 19.900848
32 76 95.352395
32 77 64.286516
32 78 26.295427
32 79 25.429736
32 80 18.626168
32 81 64.873391
32 82 46.988554
32 83 61.401951
32 84 76.953143
32 85 50.136654
32 86 55.013725
32 87 7.066579
32 88 57.135060
32 89 19.211379
32 90 67.592217
32 91 78.742680
32 92 79.436134
32 93 57.914050
32 94 71.783093
32 95 16.521498
32 96 52.745764
32 97 91.106640
32 98 68.501522
32 99 36.805500
33 34 84.842729
33 35 80.531608
33 36 96.499712
33 37 85.269782
33 38 18.308365
33 39 77.166235
33 40 50.461492
33 41 2.663467
33 42 84.999471
33 43 35.289338
33 44 62.537308
33 45 59.325723
33 46 84.980024
33 47 9.222877
33 48 12.447206
33 49 23.373057
33 50 99.423990
33 51 83.105471
33 52 67.705126
33 53 2.221600
33 54 41.239886
33 55 29.074481
33 56 32.568671
33 57 37.440091
33 58 32.030953
33 59 49.877708
33 60 1.994215
33 61 38.886336
33 62 69.493111
33 63 38.205402
33 64 75.178074
33 65 15.661903
33 66 15.466189
33 67 76.927740
33 68 82.190186
33 69 98.626930
33 70 91.592116
33 71 11.942493
33 72 16.757559
33 73 52.048822
33 74 16.897116
33 75 52.482125
33 76 48.430537
33 77 40.415797
33 78 59.603211
33 79 92.499097
33 80 8.165650
33 81 50.528144
33 82 4.087585
33 83 1.142680
33 84 2.784705
33 85 68.687150
33 86 53.146702
33 87 0.360112
33 88 15.820430
33 89 78.133700
33 90 95.585281
33 91 33.299487
33 92 94.934907
33 93 72.845523
33 94 69.638604
33 95 28.461234
33 96 9.397623
33 97 80.384141
33 98 43.849794
33 99 81.439666
34 35 85.035984
34 36 48.689596
34 37 18.762108
34 38 8.615523
34 39 88.621686
34 40 79.553057
34 41 25.149482
34 42 75.305014
34 43 38.832291
34 44 84.954417
34 45 57.496878
34 46 64.640403
34 47 66.728050
34 48 1.534093
34 49 35.055271
34 50 32.851648
34 51 35.109805
34 52 23.175163
34 53 27.034373
34 54 91.638236
34 55 53.174629
34 56 2.004135
34 57 13.359502
34 58 68.964781
34 59 90.561566
34 60 24.075549
34 61 77.907249
34 62 25.883571
34 63 3.180712
34 64 87.587735
34 65 47.247928
34 66 48.881734
34 67 32.144558
34 68 98.684035
34 69 94.661008
34 70 94.770217
34 71 26.671383
34 72 52.725860
34 73 26.553056
34 74 38.276352
34 75 72.006194
34 76 87.380930
34 77 56.396017
34 78 61.271258
34 79 74.205579
34 80 77.952148
34 81 49.916861
34 82 26.957899
34 83 65.058489
34 84 95.079535
34 85 94.508002
34 86 2.365123
34 87 42.465916
34 88 60.279714
34 89 5.691090
34 90 28.137577
34 91 54.278055
34 92 15.744439
34 93 33.955151
34 94 85.880851
34 95 66.888409
34 96 71.401718
34 97 76.403216
34 98 80.215826
34 99 33.810078
35 36 4.450103
35 37 29.379974
35 38 35.215670
35 39 94.010204
35 40 64.408747
35 41 40.616198
35 42 3.043468
35 43 84.954358
35 44 80.182855
35 45 32.413989
35 46 96.378021
35 47 51.113461
35 48 74.726196
35 49 71.010169
35 50 85.609873
35 51 65.111545
35 52 67.589402
35 53 51.493436
35 54 46.809131
35 55 55.743502
35 56 85.974716
35 57 52.514167
35 58 7.111238
35 59 54.767729
35 60 10.875025
35 61 90.514063
35 62 10.436292
35 63 32.679347
35 64 56.456904
35 65 69.316043
35 66 18.352144
35 67 92.595468
35 68 18.054539
35 69 77.653182
35 70 68.410951
35 71 30.934769
35 72 26.973337
35 73 34.578662
35 74 35.433449
35 75 53.749393
35 76 18.759161
35 77 20.687060
35 78 79.984719
35 79 58.367997
35 80 55.671053
35 81 61.690539
35 82 22.679724
35 83 51.434539
35 84 43.802425
35 85 50.131813
35 86 52.976486
35 87 76.478181
35 88 50.627670
35 89 0.879012
35 90 66.759281
35 91 66.825478
35 92 59.708240
35 93 36.535900
35 94 28.283685
35 95 22.966753
35 96 95.874182
35 97 90.014097
35 98 68.949991
35 99 37.414435
36 37 16.404245
36 38 93.252365
36 39 67.890886
36 40 54.641802
36 41 91.559633
36 42 93.431139
36 43 7.503935
36 44 58.866462
36 45 91.283557
36 46 1.018932
36 47 60.828840
36 48 28.243595
36 49 53.960742
36 50 27.600383
36 51 47.064096
36 52 80.459827
36 53 37.838070
36 54 15.674089
36 55 86.537069
36 56 61.769361
36 57 46.039630
36 58 97.471603
36 59 97.086156
36 60 99.189739
36 61 72.066387
36 62 45.337278
36 63 0.083157
36 64 43.875476
36 65 34.252778
36 66 92.321896
36 67 46.218547
36 68 82.613503
36 69 54.859570
36 70 8.381333
36 71 28.691851
36 72 83.935157
36 73 92.314311
36 74 14.934777
36 75 24.593886
36 76 75.515296
36 77 53.567768
36 78 8.525271
36 79 94.037105
36 80 20.329803
36 81 97.616768
36 82 42.938704
36 83 70.984910
36 84 70.468610
36 85 90.950888
36 86 88.375567
36 87 99.750187
36 88 29.552099
36 89 91.012459
36 90 46.133144
36 91 6.778032
36 92 47.374543
36 93 14.716426
36 94 47.744046
36 95 48.596967
36 96 3.699022
36 97 95.658553
36 98 8.630313
36 99 43.717658
37 38 12.054043
37 39 45.847591
37 40 38.070516
37 41 78.777537
37 42 88.932853
37 43 15.628996
37 44 29.640719
37 45 77.374373
37 46 88.972233
37 47 88.924812
37 48 69.278240
37 49 33.801256
37 50 2.488341
37 51 59.996415
37 52 1.730634
37 53 43.290130
37 54 48.172938
37 55 12.643798
37 56 90.390432
37 57 5.390363
37 58 70.804132
37 59 63.087112
37 60 90.379598
37 61 37.753576
37 62 71.501542
37 63 33.733259
37 64 30.235821
37 65 13.865284
37 66 56.356580
37 67 96.612276
37 68 63.666116
37 69 30.158612
37 70 88.194302
37 71 62.475390
37 72 9.571484
37 73 15.464744
37 74 65.774098
37 75 94.378538
37 76 45.909633
37 77 18.899352
37 78 34.912246
37 79 93.032285
37 80 60.951033
37 81 51.053831
37 82 56.810132
37 83 35.281012
37 84 94.096960
37 85 7.754561
37 86 20.297763
37 87 46.781370
37 88 17.666277
37 89 75.673116
37 90 86.752902
37 91 55.281914
37 92 20.921221
37 93 4.714733
37 94 99.132039
37 95 1.862999
37 96 58.090502
37 97 33.381960
37 98 69.850061
37 99 84.077908
38 39 13.261495
38 40 70.204925
38 41 86.171440
38 42 67.143339
38 43 16.751489
38 44 66.849149
38 45 36.326333
38 46 27.159305
38 47 19.931239
38 48 66.656456
38 49 64.740971
38 50 83.795645
38 51 98.462402
38 52 76.143947
38 53 10.572329
38 54 38.964224
38 55 7.523656
38 56 86.380620
38 57 70.162956
38 58 62.703098
38 59 56.838642
38 60 66.180733
38 61 51.082603
38 62 57.830840
38 63 8.182086
38 64 59.697510
38 65 53.099017
38 66 90.886266
38 67 23.528820
38 68 47.270327
38 69 19.721125
38 70 98.450885
38 71 8.123596
38 72 70.273112
38 73 52.883553
38 74 65.158378
38 75 99.487988
38 76 78.231103
38 77 72.892253
38 78 22.527457
38 79 50.743853
38 80 29.617763
38 81 35.926753
38 82 36.211491
38 83 44.621188
38 84 66.513084
38 85 92.195352
38 86 33.340320
38 87 53.131423
38 88 87.699124
38 89 79.265349
38 90 71.336692
38 91 27.125533
38 92 64.788070
38 93 97.141189
38 94 64.921802
38 95 59.819625
38 96 81.622755
38 97 4.339179
38 98 68.981457
38 99 18.858869
39 40 28.458959
39 41 7.508208
39 42 61.546395
39 43 82.604053
39 44 49.333479
39 45 91.071713
39 46 83.347306
39 47 48.063177
39 48 23.541402
39 49 47.916838
39 50 68.237225
39 51 0.253900
39 52 60.290587
39 53 27.332655
39 54 42.230844
39 55 45.770859
39 56 99.370869
39 57 12.199919
39 58 77.992478
39 59 16.945205
39 60 40.070064
39 61 73.860759
39 62 66.311353
39 63 47.221974
39 64 65.588309
39 65 30.147425
39 66 6.434926
39 67 3.244145
39 68 90.846943
39 69 49.724966
39 70 23.088037
39 71 34.620619
39 72 37.857474
39 73 4.203565
39 74 89.587660
39 75 68.468509
39 76 34.710904
39 77 68.401990
39 78 73.670050
39 79 32.558527
39 80 41.767069
39 81 8.694392
39 82 25.479199
39 83 38.255460
39 84 31.768251
39 85 79.548507
39 86 95.622426
39 87 92.434030
39 88 89.370848
39 89 69.164072
39 90 5.281044
39 91 36.163734
39 92 49.983392
39 93 96.546025
39 94 90.071056
39 95 27.194511
39 96 67.818760
39 97 64.397912
39 98 4.680833
39 99 93.138379
40 41 88.712946
40 42 14.896599
40 43 6.269809
40 44 82.730466
40 45 4.532294
40 46 18.710286
40 47 31.194219
40 48 33.666160
40 49 82.885609
40 50 51.547496
40 51 41.832948
40 52 57.249306
40 53 98.377137
40 54 77.075567
40 55 48.118604
40 56 12.449790
40 57 39.780878
40 58 60.222930
40 59 1.835944
40 60 4.957005
40 61 31.286270
40 62 80.680212
40 63 20.831818
40 64 0.429052
40 65 85.359801
40 66 2.841031
40 67 24.987828
40 68 85.375766
40 69 99.786626
40 70 85.474114
40 71 56.138922
40 72 43.976994
40 73 22.100830
40 74 82.094109
40 75 10.078204
40 76 44.625758
40 77 30.882446
40 78 91.299341
40 79 30.370213
40 80 46.099280
40 81 25.293951
40 82 65.270399
40 83 0.902042
40 84 39.999117
40 85 71.748435
40 86 74.174399
40 87 26.933585
40 88 43.464863
40 89 29.746168
40 90 54.395369
40 91 12.865373
40 92 44.154308
40 93 67.685877
40 94 39.312131
40 95 29.024346
40 96 78.096049
40 97 83.851503
40 98 82.770745
40 99 9.475035
41 42 90.258958
41 43 67.794799
41 44 37.449391
41 45 38.195654
41 46 87.546145
41 47 72.978621
41 48 42.989363
41 49 61.915557
41 50 44.409315
41 51 22.815327
41 52 12.066601
41 53 14.492658
41 54 62.392756
41 55 39.129197
41 56 76.503974
41 57 49.916340
41 58 16.654425
41 59 64.591356
41 60 70.075335
41 61 58.853481
41 62 44.874891
41 63 48.820175
41 64 79.828121
41 65 87.112232
41 66 46.953200
41 67 81.609676
41 68 93.552043
41 69 83.480186
41 70 67.501987
41 71 86.143019
41 72 7.447246
41 73 79.100662
41 74 27.392437
41 75 30.067631
41 76 35.096038
41 77 40.882827
41 78 55.462992
41 79 72.953097
41 80 76.518099
41 81 47.398397
41 82 46.993980
41 83 44.922495
41 84 64.389878
41 85 7.299732
41 86 41.663613
41 87 43.142305
41 88 3.434614
41 89 77.501117
41 90 70.439098
41 91 40.375653
41 92 58.540271
41 93 41.197121
41 94 68.219863
41 95 22.948092
41 96 27.338373
41 97 74.248872
41 98 87.038227
41 99 14.244720
42 43 53.777613
42 44 62.551202
42 45 73.236039
42 46 94.251946
42 47 0.651759
42 48 32.700586
42 49 91.274211
42 50 95.676714
42 51 1.092305
42 52 23.615858
42 53 86.695235
42 54 42.820564
42 55 51.711955
42 56 57.720715
42 57 81.247137
42 58 0.655451
42 59 93.385948
42 60 66.879050
42 61 84.290551
42 62 18.442718
42 63 49.583880
42 64 90.481183
42 65 86.348922
42 66 84.756214
42 67 56.715569
42 68 90.911088
42 69 73.025077
42 70 58.915031
42 71 26.130225
42 72 25.081750
42 73 60.495744
42 74 7.600894
42 75 23.208987
42 76 69.807841
42 77 7.408815
42 78 54.829751
42 79 35.416683
42 80 23.491871
42 81 2.246483
42 82 48.466672
42 83 28.229435
42 84 96.932067
42 85 60.080647
42 86 57.117641
42 87 55.530504
42 88 62.017251
42 89 88.135244
42 90 37.501411
42 91 99.367588
42 92 48.655956
42 93 95.683474
42 94 54.299122
42 95 62.890519
42 96 67.494171
42 97 30.546145
42 98 91.998840
42 99 29.839111
43 44 88.808010
43 45 21.820663
43 46 71.396814
43 47 34.126730
43 48 26.414715
43 49 96.458447
43 50 72.186699
43 51 53.865829
43 52 59.527410
43 53 15.921896
43 54 67.462549
43 55 55.607620
43 56 75.186036
43 57 48.390179
43 58 95.980936
43 59 66.618692
43 60 29.228966
43 61 51.846598
43 62 33.672035
43 63 45.693282
43 64 4.726785
43 65 93.868365
43 66 77.159098
43 67 56.300609
43 68 93.381795
43 69 75.053022
43 70 18.940247
43 71 19.792497
43 72 37.603812
43 73 54.754007
43 74 76.406029
43 75 40.947306
43 76 48.804841
43 77 0.161119
43 78 35.010734
43 79 53.301914
43 80 60.912289
43 81 92.749905
43 82 79.685021
43 83 27.524351
43 84 87.182361
43 85 29.737362
43 86 17.971879
43 87 22.505415
43 88 23.102348
43 89 52.419480
43 90 43.387518
43 91 35.898399
43 92 78.502522
43 93 18.129603
43 94 48.153326
43 95 28.511820
43 96 27.955401
43 97 8.044704
43 98 70.714513
43 99 55.260873
44 45 40.122198
44 46 29.180098
44 47 55.355642
44 48 34.309041
44 49 83.913223
44 50 25.651263
44 51 8.742759
44 52 25.582139
44 53 12.161138
44 54 61.644844
44 55 61.366352
44 56 70.012820
44 57 91.962944
44 58 76.529087
44 59 80.628925
44 60 61.674336
44 61 84.928573
44 62 41.147327
44 63 36.715489
44 64 86.388178
44 65 80.281095
44 66 63.576355
44 67 92.404804
44 68 62.440958
44 69 49.085449
44 70 2.494829
44 71 73.623755
44 72 61.721677
44 73 18.839785
44 74 46.795133
44 75 78.816726
44 76 72.891347
44 77 64.245364
44 78 11.185409
44 79 2.096453
44 80 92.122655
44 81 72.178181
44 82 79.266726
44 83 77.662271
44 84 91.498193
44 85 66.717349
44 86 97.933671
44 87 1.116278
44 88 20.331531
44 89 73.542390
44 90 89.934898
44 91 47.077431
44 92 40.476180
44 93 62.093635
44 94 5.043467
44 95 81.888121
44 96 83.113320
44 97 28.596866
44 98 74.525089
44 99 65.227333
45 46 41.559890
45 47 73.385497
45 48 68.455650
45 49 45.088993
45 50 82.314468
45 51 81.910488
45 52 80.927726
45 53 76.853654
45 54 64.859116
45 55 40.410335
45 56 84.298988
45 57 39.076210
45 58 9.661163
45 59 4.420416
45 60 0.373786
45 61 76.131842
45 62 43.369686
45 63 91.133084
45 64 33.772392
45 65 71.006945
45 66 80.377203
45 67 85.076853
45 68 0.730712
45 69 40.291292
45 70 70.717919
45 71 30.665117
45 72 65.186558
45 73 47.822285
45 74 55.699580
45 75 34.871843
45 76 63.246812
45 77 53.451570
45 78 24.716862
45 79 18.623714
45 80 56.993162
45 81 49.048929
45 82 59.369896
45 83 36.455227
45 84 9.072284
45 85 85.127835
45 86 84.312420
45 87 30.555284
45 88 10.629728
45 89 58.371601
45 90 18.179733
45 91 97.540876
45 92 26.884951
45 93 12.858575
45 94 32.497492
45 95 24.125409
45 96 47.008291
45 97 5.929388
45 98 81.648096
45 99 91.306354
46 47 37.948897
46 48 3.408785
46 49 62.772256
46 50 55.778865
46 51 5.475994
46 52 98.289049
46 53 0.909065
46 54 91.989071
46 55 59.934043
46 56 92.001697
46 57 31.728724
46 58 18.572745
46 59 69.075720
46 60 38.048449
46 61 71.887788
46 62 38.882149
46 63 55.824873
46 64 24.032219
46 65 25.337689
46 66 96.885800
46 67 64.934914
46 68 60.023260
46 69 72.842915
46 70 86.933026
46 71 79.246376
46 72 48.715173
46 73 31.516187
46 74 58.707115
46 75 13.610680
46 76 35.970045
46 77 51.353606
46 78 27.147990
46 79 52.535351
46 80 79.121478
46 81 36.553600
46 82 31.207275
46 83 26.219333
46 84 24.798809
46 85 40.829273
46 86 85.005744
46 87 38.885205
46 88 58.055389
46 89 87.974530
46 90 30.295105
46 91 73.178475
46 92 70.228220
46 93 11.620122
46 94 30.083127
46 95 94.892359
46 96 94.225949
46 97 91.416566
46 98 39.863157
46 99 73.389754
47 48 72.836550
47 49 86.806662
47 50 55.096110
47 51 14.832389
47 52 58.165730
47 53 34.101070
47 54 61.425009
47 55 77.690422
47 56 88.461510
47 57 77.746298
47 58 7.559222
47 59 2.994030
47 60 52.350022
47 61 52.475094
47 62 79.847572
47 63 45.401817
47 64 29.902080
47 65 19.455127
47 66 82.266488
47 67 35.399164
47 68 94.969596
47 69 86.602582
47 70 15.881460
47 71 37.802891
47 72 73.875472
47 73 10.903053
47 74 7.797028
47 75 97.236923
47 76 81.810133
47 77 88.882950
47 78 61.192601
47 79 77.356911
47 80 0.182331
47 81 90.300372
47 82 85.248449
47 83 7.340028
47 84 15.691498
47 85 79.675197
47 86 16.598188
47 87 46.519473
47 88 15.033334
47 89 0.453934
47 90 62.401152
47 91 66.031482
47 92 17.919936
47 93 67.405643
47 94 79.210099
47 95 24.955912
47 96 35.490273
47 97 24.271005
47 98 51.516637
47 99 87.669763
48 49 61.206323
48 50 75.737447
48 51 49.188908
48 52 88.996289
48 53 36.974772
48 54 95.488955
48 55 23.973002
48 56 4.220611
48 57 88.503631
48 58 45.380013
48 59 51.811638
48 60 22.156036
48 61 90.797758
48 62 14.708917
48 63 39.940718
48 64 51.183571
48 65 7.216685
48 66 3.116411
48 67 95.556326
48 68 10.550403
48 69 43.662803
48 70 25.811508
48 71 96.301800
48 72 72.201379
48 73 73.237373
48 74 15.626951
48 75 11.906589
48 76 22.030832
48 77 16.096474
48 78 32.832776
48 79 1.015518
48 80 3.680348
48 81 4.258421
48 82 70.687005
48 83 47.579268
48 84 92.871374
48 85 21.758813
48 86 62.378447
48 87 7.133765
48 88 25.749852
48 89 86.818843
48 90 53.317243
48 91 4.878304
48 92 70.833289
48 93 34.587048
48 94 1.654664
48 95 64.669219
48 96 90.889066
48 97 66.534219
48 98 9.464379
48 99 50.877948
49 50 88.435932
49 51 55.725711
49 52 67.193269
49 53 73.519393
49 54 66.549042
49 55 35.964915
49 56 14.790546
49 57 41.138453
49 58 65.262074
49 59 57.196234
49 60 84.349821
49 61 45.649733
49 62 53.098300
49 63 59.575351
49 64 91.149462
49 65 28.657349
49 66 63.125768
49 67 4.259192
49 68 82.652424
49 69 9.738873
49 70 63.419996
49 71 0.237476
49 72 38.327472
49 73 53.759454
49 74 42.930886
49 75 83.422274
49 76 37.079521
49 77 16.489169
49 78 75.488861
49 79 36.731547
49 80 73.627611
49 81 35.628723
49 82 97.048462
49 83 88.047150
49 84 10.344762
49 85 27.805638
49 86 94.255983
49 87 86.697347
49 88 96.874816
49 89 11.185061
49 90 56.040950
49 91 38.508340
49 92 76.267078
49 93 98.046439
49 94 84.169570
49 95 74.488979
49 96 23.420395
49 97 92.009242
49 98 93.561535
49 99 38.857192
50 51 29.304089
50 52 80.548010
50 53 58.659842
50 54 8.386338
50 55 52.723901
50 56 35.019043
50 57 78.256617
50 58 96.944137
50 59 10.326963
50 60 17.627983
50 61 37.916143
50 62 56.616397
50 63 65.090505
50 64 47.599734
50 65 46.499608
50 66 59.952292
50 67 3.714857
50 68 97.269011
50 69 11.284424
50 70 36.637437
50 71 64.142040
50 72 72.892019
50 73 94.784114
50 74 42.295600
50 75 85.847062
50 76 84.686628
50 77 65.613209
50 78 57.139352
50 79 7.599780
50 80 25.940590
50 81 15.604717
50 82 47.834564
50 83 30.070982
50 84 61.984264
50 85 65.876173
50 86 77.213112
50 87 93.957140
50 88 76.406398
50 89 25.653389
50 90 13.362749
50 91 98.224056
50 92 34.098553
50 93 99.399455
50 94 72.142578
50 95 97.620372
50 96 98.545760
50 97 60.159726
50 98 25.317161
50 99 73.787776
51 52 84.238037
51 53 20.021836
51 54 20.271732
51 55 70.095416
51 56 34.159452
51 57 32.203101
51 58 86.665628
51 59 16.751905
51 60 87.018407
51 61 53.515893
51 62 50.400480
51 63 49.799019
51 64 39.214886
51 65 80.824870
51 66 35.924303
51 67 45.267015
51 68 12.497411
51 69 50.598283
51 70 14.162138
51 71 48.072237
51 72 9.844513
51 73 56.768740
51 74 45.258415
51 75 74.163496
51 76 79.312526
51 77 98.857245
51 78 72.835749
51 79 3.974464
51 80 8.423566
51 81 19.677445
51 82 49.619420
51 83 65.415127
51 84 40.124564
51 85 29.925469
51 86 13.046316
51 87 25.436096
51 88 35.430290
51 89 45.573849
51 90 83.871620
51 91 70.625376
51 92 7.570288
51 93 83.226463
51 94 30.806115
51 95 59.347974
51 96 17.791736
51 97 68.454586
51 98 29.861436
51 99 70.614503
52 53 53.927195
52 54 12.622509
52 55 48.350199
52 56 58.165706
52 57 9.418320
52 58 4.824390
52 59 0.382423
52 60 42.185640
52 61 42.693590
52 62 47.292376
52 63 53.219204
52 64 35.607011
52 65 24.630178
52 66 34.999206
52 67 11.989157
52 68 7.147937
52 69 75.287056
52 70 43.166883
52 71 74.042607
52 72 29.020215
52 73 50.178540
52 74 40.006234
52 75 23.613137
52 76 43.674923
52 77 61.064455
52 78 86.250451
52 79 32.475539
52 80 11.002000
52 81 6.565153
52 82 17.909030
52 83 42.933803
52 84 65.076189
52 85 43.866615
52 86 34.156766
52 87 35.742295
52 88 17.842557
52 89 54.362975
52 90 28.385762
52 91 27.457804
52 92 96.060535
52 93 43.290755
52 94 7.186681
52 95 99.239654
52 96 87.376249
52 97 66.241164
52 98 39.388781
52 99 32.259655
53 54 1.568679
53 55 93.893858
53 56 65.276481
53 57 13.653137
53 58 23.815920
53 59 10.397573
53 60 74.713606
53 61 81.336889
53 62 48.253701
53 63 90.530060
53 64 32.144614
53 65 96.039340
53 66 32.148974
53 67 16.101831
53 68 86.305467
53 69 64.532832
53 70 3.687286
53 71 73.025195
53 72 52.965073
53 73 89.327431
53 74 89.673338
53 75 17.052139
53 76 0.131510
53 77 86.980134
53 78 3.369947
53 79 8.391628
53 80 96.895480
53 81 99.693005
53 82 47.251455
53 83 93.248913
53 84 9.446813
53 85 23.018185
53 86 40.623306
53 87 53.786498
53 88 40.788031
53 89 86.257330
53 90 77.860410
53 91 57.088410
53 92 14.282312
53 93 51.537512
53 94 59.442598
53 95 8.416493
53 96 95.411464
53 97 42.565187
53 98 15.016326
53 99 54.379429
54 55 30.982799
54 56 74.704327
54 57 55.387498
54 58 87.592275
54 59 60.512092
54 60 34.294396
54 61 48.651151
54 62 75.986255
54 63 20.623059
54 64 47.018311
54 65 14.589402
54 66 77.135702
54 67 20.042105
54 68 82.650146
54 69 71.019971
54 70 0.800927
54 71 10.130341
54 72 66.656780
54 73 45.953283
54 74 51.342949
54 75 13.883213
54 76 7.897281
54 77 90.216955
54 78 15.747993
54 79 4.941236
54 80 6.058353
54 81 86.632277
54 82 62.706666
54 83 47.393797
54 84 72.483629
54 85 53.878070
54 86 83.524857
54 87 17.021091
54 88 83.699246
54 89 85.853056
54 90 36.600289
54 91 25.107646
54 92 88.207538
54 93 50.648695
54 94 53.780839
54 95 57.074130
54 96 4.015323
54 97 97.170200
54 98 29.127638
54 99 19.912446
55 56 76.882722
55 57 81.994243
55 58 38.438088
55 59 64.772345
55 60 17.423014
55 61 34.227620
55 62 31.340925
55 63 14.036136
55 64 98.953543
55 65 21.931938
55 66 96.857473
55 67 75.831320
55 68 77.392244
55 69 70.105195
55 70 28.030303
55 71 73.169230
55 72 89.513857
55 73 7.261841
55 74 1.552544
55 75 49.761106
55 76 96.524479
55 77 85.328751
55 78 44.288045
55 79 40.051264
55 80 66.182557
55 81 25.875292
55 82 80.154745
55 83 7.120275
55 84 28.589045
55 85 94.621466
55 86 38.050532
55 87 58.849481
55 88 98.288921
55 89 95.718850
55 90 54.332951
55 91 50.101254
55 92 28.470795
55 93 7.474892
55 94 21.821153
55 95 66.657880
55 96 51.820904
55 97 51.991879
55 98 21.370488
55 99 65.275104
56 57 66.982294
56 58 2.617645
56 59 21.777208
56 60 13.444723
56 61 49.589499
56 62 85.155919
56 63 49.102735
56 64 32.323837
56 65 2.493640
56 66 21.459959
56 67 7.464007
56 68 96.776702
56 69 11.062279
56 70 97.333920
56 71 79.918465
56 72 87.588404
56 73 36.333014
56 74 10.592168
56 75 50.279219
56 76 22.647796
56 77 61.319252
56 78 69.677527
56 79 64.528017
56 80 16.260498
56 81 3.911129
56 82 68.415285
56 83 93.950651
56 84 28.741013
56 85 23.584171
56 86 58.280470
56 87 71.201446
56 88 72.046255
56 89 78.522663
56 90 75.981778
56 91 45.210553
56 92 31.451124
56 93 34.784393
56 94 61.216259
56 95 41.179761
56 96 48.130028
56 97 89.777834
56 98 17.124680
56 99 17.869579
57 58 82.996487
57 59 48.592434
57 60 24.278245
57 61 85.962397
57 62 48.266321
57 63 83.617210
57 64 17.953151
57 65 88.493533
57 66 49.948121
57 67 15.402328
57 68 78.000213
57 69 47.174020
57 70 31.828029
57 71 75.862923
57 72 60.792621
57 73 46.886025
57 74 49.504143
57 75 53.693950
57 76 23.535607
57 77 64.713806
57 78 31.639095
57 79 76.259348
57 80 52.647643
57 81 49.580160
57 82 4.837688
57 83 52.238375
57 84 9.973533
57 85 23.890326
57 86 68.419721
57 87 84.956449
57 88 53.265565
57 89 9.542382
57 90 5.846432
57 91 67.597447
57 92 70.669648
57 93 77.245132
57 94 10.672250
57 95 88.388836
57 96 92.879170
57 97 80.291601
57 98 86.631867
57 99 6.370648
58 59 11.170067
58 60 61.768204
58 61 53.835856
58 62 6.503741
58 63 34.706386
58 64 17.636735
58 65 56.036430
58 66 6.642424
58 67 66.306417
58 68 57.208363
58 69 17.538137
58 70 68.290957
58 71 62.285209
58 72 27.235782
58 73 42.566610
58 74 58.083049
58 75 69.040148
58 76 56.181787
58 77 84.771775
58 78 17.567933
58 79 96.721945
58 80 31.179536
58 81 40.030180
58 82 25.156210
58 83 98.634259
58 84 41.781732
58 85 31.824375
58 86 75.973105
58 87 73.930922
58 88 11.803120
58 89 65.215656
58 90 62.886377
58 91 0.730506
58 92 93.392603
58 93 22.789577
58 94 15.120608
58 95 36.943769
58 96 15.928384
58 97 63.942127
58 98 39.639140
58 99 96.910291
59 60 66.411519
59 61 67.487610
59 62 14.869495
59 63 23.366406
59 64 27.740377
59 65 26.807562
59 66 6.367582
59 67 26.317290
59 68 16.580436
59 69 66.623407
59 70 9.660577
59 71 53.061869
59 72 43.500946
59 73 0.963724
59 74 76.777869
59 75 86.919989
59 76 64.632014
59 77 93.010359
59 78 49.874010
59 79 46.137075
59 80 6.302636
59 81 9.245841
59 82 7.867127
59 83 68.992236
59 84 21.952337
59 85 82.687900
59 86 30.160776
59 87 26.311681
59 88 84.065995
59 89 12.985111
59 90 95.286790
59 91 98.389919
59 92 22.963575
59 93 34.760998
59 94 61.701149
59 95 89.747149
59 96 98.983403
59 97 79.832222
59 98 22.984482
59 99 32.201943
60 61 34.929771
60 62 43.789709
60 63 90.343294
60 64 44.414126
60 65 41.612577
60 66 42.919956
60 67 31.577603
60 68 74.353566
60 69 40.888831
60 70 13.556883
60 71 87.575122
60 72 50.076297
60 73 27.822835
60 74 62.693052
60 75 94.911739
60 76 3.740281
60 77 16.413867
60 78 26.042192
60 79 66.282515
60 80 13.968801
60 81 81.797296
60 82 27.733409
60 83 19.256987
60 84 32.470318
60 85 45.907005
60 86 64.430568
60 87 98.247059
60 88 22.249372
60 89 53.294089
60 90 55.908800
60 91 4.595366
60 92 36.793926
60 93 49.128798
60 94 13.983198
60 95 35.336402
60 96 12.300288
60 97 2.369735
60 98 82.173176
60 99 32.452407
61 62 28.297552
61 63 13.666354
61 64 89.599181
61 65 61.340354
61 66 15.959296
61 67 9.767809
61 68 44.346716
61 69 69.726061
61 70 57.941018
61 71 54.043300
61 72 63.895999
61 73 26.405887
61 74 28.757598
61 75 96.175998
61 76 3.203734
61 77 2.966047
61 78 70.515862
61 79 43.174743
61 80 94.636897
61 81 41.024111
61 82 85.243059
61 83 58.554716
61 84 58.196580
61 85 42.556759
61 86 52.102933
61 87 86.870296
61 88 75.333330
61 89 31.522404
61 90 45.466731
61 91 56.740359
61 92 45.143643
61 93 61.256867
61 94 38.107391
61 95 37.088344
61 96 57.850560
61 97 84.014754
61 98 22.710843
61 99 8.526348
62 63 27.209599
62 64 56.548737
62 65 74.449202
62 66 64.644658
62 67 20.844572
62 68 28.763529
62 69 7.536362
62 70 76.425077
62 71 15.506016
62 72 51.250780
62 73 49.487313
62 74 37.078460
62 75 82.858407
62 76 41.905713
62 77 68.228274
62 78 54.313904
62 79 80.640436
62 80 71.845867
62 81 39.255544
62 82 72.379098
62 83 83.906042
62 84 66.496769
62 85 32.716667
62 86 87.168288
62 87 41.542091
62 88 68.978953
62 89 33.588424
62 90 64.276453
62 91 84.371940
62 92 79.825280
62 93 82.051803
62 94 82.085222
62 95 42.892332
62 96 69.576979
62 97 35.715009
62 98 99.798165
62 99 55.054415
63 64 58.951442
63 65 10.511244
63 66 93.800059
63 67 57.487933
63 68 75.044253
63 69 52.898858
63 70 14.796844
63 71 57.180899
63 72 21.422566
63 73 32.417198
63 74 92.899889
63 75 74.865381
63 76 44.986357
63 77 20.702275
63 78 58.150385
63 79 36.223278
63 80 43.118715
63 81 40.742186
63 82 49.936550
63 83 62.514268
63 84 30.915787
63 85 28.452937
63 86 60.338485
63 87 78.341383
63 88 80.181585
63 89 47.581173
63 90 93.642456
63 91 11.007930
63 92 49.392356
63 93 38.491049
63 94 27.098519
63 95 3.282799
63 96 46.979756
63 97 61.568270
63 98 26.452299
63 99 99.379437
64 65 9.051590
64 66 16.775136
64 67 3.863890
64 68 92.567079
64 69 27.063467
64 70 82.316147
64 71 5.533804
64 72 42.071084
64 73 30.974144
64 74 17.424599
64 75 81.687952
64 76 76.782526
64 77 19.061994
64 78 16.956272
64 79 22.530642
64 80 3.785471
64 81 26.849434
64 82 88.777179
64 83 40.356684
64 84 30.823627
64 85 44.476796
64 86 48.858108
64 87 40.220614
64 88 93.566349
64 89 24.386572
64 90 93.539414
64 91 49.393189
64 92 50.897305
64 93 69.323530
64 94 13.605394
64 95 69.292256
64 96 74.437297
64 97 54.425747
64 98 60.608264
64 99 72.657170
65 66 12.126094
65 67 16.576074
65 68 62.307620
65 69 93.442968
65 70 49.926406
65 71 39.203165
65 72 11.141983
65 73 47.242504
65 74 30.576340
65 75 71.365661
65 76 17.324844
65 77 76.001813
65 78 13.805067
65 79 46.222680
65 80 26.458401
65 81 32.376027
65 82 78.539604
65 83 5.888298
65 84 50.483954
65 85 6.280083
65 86 74.368994
65 87 97.187243
65 88 50.338706
65 89 49.020682
65 90 26.895351
65 91 75.973522
65 92 38.864513
65 93 68.852785
65 94 89.589615
65 95 46.443283
65 96 43.314882
65 97 55.886123
65 98 13.383059
65 99 66.267689
66 67 78.232322
66 68 43.974156
66 69 74.463935
66 70 68.391161
66 71 31.518916
66 72 32.549920
66 73 60.611881
66 74 85.984867
66 75 59.198790
66 76 72.330342
66 77 66.891030
66 78 18.314811
66 79 17.671882
66 80 65.392481
66 81 92.635996
66 82 42.178510
66 83 36.184275
66 84 42.332348
66 85 63.403264
66 86 56.083684
66 87 46.791055
66 88 57.048827
66 89 23.923721
66 90 42.486968
66 91 44.263504
66 92 83.152408
66 93 61.080370
66 94 47.180153
66 95 44.193170
66 96 5.080329
66 97 19.548589
66 98 4.306043
66 99 43.971189
67 68 71.706883
67 69 66.974511
67 70 80.505469
67 71 68.371939
67 72 20.569554
67 73 50.430444
67 74 72.341636
67 75 99.145986
67 76 86.788817
67 77 61.374475
67 78 67.417397
67 79 46.327963
67 80 82.341311
67 81 92.454740
67 82 71.495670
67 83 17.890894
67 84 68.553279
67 85 26.237079
67 86 11.452692
67 87 83.929171
67 88 47.513064
67 89 43.298099
67 90 47.038373
67 91 11.728255
67 92 66.558604
67 93 75.113943
67 94 63.187493
67 95 68.879888
67 96 64.077798
67 97 55.788331
67 98 69.020081
67 99 53.027429
68 69 84.566692
68 70 45.901765
68 71 99.688789
68 72 8.876677
68 73 56.222501
68 74 11.626987
68 75 2.875646
68 76 35.783336
68 77 55.305427
68 78 42.744185
68 79 93.010075
68 80 72.529079
68 81 78.085343
68 82 84.302577
68 83 73.174617
68 84 69.823915
68 85 3.396409
68 86 38.413405
68 87 57.184321
68 88 25.623360
68 89 56.654715
68 90 65.022600
68 91 72.470285
68 92 63.524698
68 93 79.651089
68 94 73.499651
68 95 88.167383
68 96 80.307403
68 97 69.513243
68 98 50.492503
68 99 92.200732
69 70 75.108554
69 71 74.938433
69 72 13.736637
69 73 36.184973
69 74 99.774877
69 75 28.129883
69 76 16.369664
69 77 77.595011
69 78 37.608807
69 79 46.827230
69 80 51.791142
69 81 74.936326
69 82 26.026789
69 83 62.403247
69 84 25.220572
69 85 33.537574
69 86 87.573758
69 87 17.206219
69 88 64.844797
69 89 57.107667
69 90 23.288558
69 91 27.159274
69 92 42.809304
69 93 33.344079
69 94 52.590833
69 95 24.085090
69 96 64.296273
69 97 70.648648
69 98 54.660721
69 99 76.306368
70 71 61.545408
70 72 7.401700
70 73 77.708401
70 74 35.779532
70 75 98.911926
70 76 35.264807
70 77 34.581426
70 78 75.351132
70 79 54.919357
70 80 13.627061
70 81 95.833448
70 82 60.683443
70 83 97.753057
70 84 3.579253
70 85 24.678808
70 86 47.977830
70 87 11.753659
70 88 16.694919
70 89 72.183191
70 90 10.831414
70 91 64.207923
70 92 56.416647
70 93 65.591368
70 94 77.394683
70 95 24.097779
70 96 27.990736
70 97 77.868773
70 98 2.454630
70 99 57.456593
71 72 6.662626
71 73 62.334521
71 74 8.150144
71 75 27.594979
71 76 83.240242
71 77 72.689173
71 78 1.733295
71 79 22.696803
71 80 51.151787
71 81 65.791397
71 82 19.122269
71 83 18.149207
71 84 59.769122
71 85 2.213434
71 86 48.948723
71 87 56.458911
71 88 35.037380
71 89 17.906033
71 90 63.384303
71 91 93.720153
71 92 60.345979
71 93 39.229356
71 94 19.238210
71 95 18.338093
71 96 18.095784
71 97 53.157085
71 98 95.649612
71 99 95.074621
72 73 15.561627
72 74 24.636759
72 75 3.155815
72 76 25.471915
72 77 57.418954
72 78 73.890185
72 79 32.999098
72 80 44.322312
72 81 81.697944
72 82 87.863464
72 83 15.242167
72 84 91.091353
72 85 45.947904
72 86 42.087071
72 87 19.594189
72 88 5.064148
72 89 36.039310
72 90 51.882089
72 91 63.806440
72 92 93.473471
72 93 71.300408
72 94 55.149586
72 95 91.078571
72 96 12.981302
72 97 96.579802
72 98 52.905811
72 99 40.123608
73 74 86.623803
73 75 84.345983
73 76 98.276730
73 77 59.371747
73 78 50.692982
73 79 18.079293
73 80 29.841207
73 81 10.250106
73 82 89.016607
73 83 91.981352
73 84 91.012827
73 85 63.557585
73 86 65.711178
73 87 41.421516
73 88 63.576296
73 89 17.661027
73 90 11.721105
73 91 13.559428
73 92 70.544963
73 93 57.570937
73 94 55.320434
73 95 98.227286
73 96 71.181917
73 97 29.911968
73 98 12.241838
73 99 65.425014
74 75 79.327834
74 76 30.385513
74 77 67.210801
74 78 97.675949
74 79 85.104547
74 80 87.528682
74 81 85.401247
74 82 63.010320
74 83 49.614085
74 84 79.406066
74 85 89.692100
74 86 47.488226
74 87 72.428723
74 88 38.327610
74 89 27.592627
74 90 54.943402
74 91 2.468325
74 92 82.768072
74 93 30.317583
74 94 86.023559
74 95 74.287147
74 96 65.370464
74 97 35.731561
74 98 28.622677
74 99 3.842873
75 76 41.247990
75 77 6.745168
75 78 27.445064
75 79 70.496640
75 80 41.755965
75 81 27.233961
75 82 51.710627
75 83 45.293423
75 84 85.487258
75 85 98.664337
75 86 46.905257
75 87 99.498031
75 88 70.451860
75 89 92.348863
75 90 38.999810
75 91 41.912716
75 92 69.233118
75 93 34.616831
75 94 57.705652
75 95 88.678144
75 96 92.370352
75 97 15.174056
75 98 59.104324
75 99 65.060355
76 77 94.299426
76 78 12.539273
76 79 57.383352
76 80 75.151979
76 81 70.890061
76 82 24.682725
76 83 20.429818
76 84 52.466897
76 85 37.950544
76 86 77.855840
76 87 44.677778
76 88 22.083226
76 89 86.027643
76 90 62.089183
76 91 0.875210
76 92 63.290315
76 93 78.411475
76 94 7.949106
76 95 34.330642
76 96 60.621237
76 97 96.462195
76 98 75.881859
76 99 10.719206
77 78 70.703005
77 79 39.207313
77 80 76.837179
77 81 21.672309
77 82 12.532576
77 83 52.615558
77 84 80.851628
77 85 3.144766
77 86 9.587420
77 87 98.035187
77 88 98.885284
77 89 73.947634
77 90 73.605276
77 91 68.991673
77 92 42.443641
77 93 71.854629
77 94 21.918465
77 95 30.871791
77 96 75.379857
77 97 50.334466
77 98 62.903913
77 99 88.978068
78 79 72.760762
78 80 0.231038
78 81 67.410813
78 82 87.019648
78 83 92.793357
78 84 77.607866
78 85 67.953663
78 86 0.312663
78 87 49.546747
78 88 51.492764
78 89 92.009193
78 90 15.795191
78 91 46.567834
78 92 33.403229
78 93 40.931409
78 94 84.418945
78 95 94.477261
78 96 14.302579
78 97 71.799877
78 98 90.561848
78 99 89.245458
79 80 14.031386
79 81 25.942070
79 82 7.812707
79 83 72.086919
79 84 43.278294
79 85 74.921380
79 86 0.811196
79 87 26.774070
79 88 88.798853
79 89 22.458256
79 90 88.783424
79 91 95.660412
79 92 58.860488
79 93 9.052590
79 94 7.995356
79 95 11.815917
79 96 67.786320
79 97 15.001384
79 98 97.553431
79 99 51.415868
80 81 95.990036
80 82 47.056400
80 83 85.813720
80 84 7.887694
80 85 35.038523
80 86 24.142358
80 87 73.117992
80 88 77.308588
80 89 16.048603
80 90 48.356981
80 91 90.657150
80 92 23.159989
80 93 24.118605
80 94 58.899974
80 95 64.969412
80 96 57.783269
80 97 21.515175
80 98 18.628838
80 99 32.912787
81 82 37.744305
81 83 37.980128
81 84 75.615141
81 85 32.908305
81 86 20.802819
81 87 37.791802
81 88 75.375733
81 89 44.832561
81 90 73.295723
81 91 40.109810
81 92 73.379062
81 93 63.145146
81 94 48.481929
81 95 51.651641
81 96 11.977654
81 97 65.668555
81 98 78.759398
81 99 68.894157
82 83 81.093494
82 84 83.895225
82 85 37.653495
82 86 20.762441
82 87 77.783902
82 88 89.778345
82 89 31.088945
82 90 52.163100
82 91 16.241217
82 92 88.670151
82 93 71.696030
82 94 93.738596
82 95 16.830461
82 96 48.403430
82 97 74.764903
82 98 23.863730
82 99 20.444829
83 84 0.468990
83 85 89.950191
83 86 5.174895
83 87 32.759759
83 88 20.823881
83 89 48.941357
83 90 69.817330
83 91 1.891994
83 92 35.072206
83 93 66.052535
83 94 35.115058
83 95 72.520933
83 96 95.592342
83 97 76.048866
83 98 54.512739
83 99 39.705274
84 85 46.641499
84 86 31.514636
84 87 47.408251
84 88 46.428762
84 89 27.550491
84 90 10.681797
84 91 5.889254
84 92 30.334669
84 93 63.828687
84 94 5.875700
84 95 46.406634
84 96 27.159339
84 97 61.331115
84 98 72.598240
84 99 60.062131
85 86 81.050981
85 87 49.596730
85 88 19.756776
85 89 16.457110
85 90 95.260652
85 91 17.048882
85 92 12.660572
85 93 92.943859
85 94 80.618132
85 95 42.956055
85 96 42.144717
85 97 33.640396
85 98 23.756192
85 99 58.882983
86 87 85.544818
86 88 90.714298
86 89 2.222570
86 90 65.819277
86 91 48.233987
86 92 64.210517
86 93 19.419671
86 94 92.254724
86 95 28.046960
86 96 36.092825
86 97 18.737873
86 98 3.177459
86 99 89.154473
87 88 89.187877
87 89 63.299044
87 90 60.303229
87 91 66.814267
87 92 12.365608
87 93 35.402689
87 94 89.801021
87 95 49.913398
87 96 19.559018
87 97 18.067904
87 98 35.362346
87 99 4.329819
88 89 52.121121
88 90 69.990121
88 91 61.668457
88 92 6.879460
88 93 91.536183
88 94 94.782386
88 95 26.141928
88 96 56.978314
88 97 82.647055
88 98 35.546703
88 99 55.325915
89 90 21.137353
89 91 56.329836
89 92 96.621749
89 93 46.316548
89 94 44.021316
89 95 44.941709
89 96 5.779080
89 97 63.380872
89 98 29.040767
89 99 3.887234
90 91 82.190679
90 92 15.224845
90 93 51.310036
90 94 88.293030
90 95 68.166511
90 96 79.332899
90 97 16.291985
90 98 85.050187
90 99 15.961524
91 92 86.382561
91 93 18.563795
91 94 67.378385
91 95 94.877326
91 96 89.944772
91 97 86.876243
91 98 21.585141
91 99 98.434515
92 93 24.512444
92 94 24.042284
92 95 93.838223
92 96 86.567476
92 97 98.356941
92 98 63.178921
92 99 18.538699
93 94 93.594165
93 95 76.794108
93 96 65.439751
93 97 19.276735
93 98 69.139281
93 99 86.148568
94 95 78.613751
94 96 18.371695
94 97 96.239898
94 98 9.037007
94 99 60.829231
95 96 51.642644
95 97 48.538501
95 98 47.548202
95 99 49.090110
96 97 61.324973
96 98 6.769094
96 99 2.479603
97 98 18.484955
97 99 31.943234
98 99 53.667867
