7.013480e+00  4.091344e+00
8.968572e+00  4.604156e+00
1.047495e+01  5.854133e+00
1.063521e+01  4.572105e+00
1.002624e+01  3.706736e+00
1.066726e+01  3.899040e+00
1.047495e+01  2.937520e+00
9.449333e+00  2.264455e+00
1.015445e+01  2.200354e+00
9.577535e+00  1.367036e+00
8.648065e+00  1.046529e+00
9.641637e+00  4.696163e-01
1.098777e+01  3.734642e-01
8.487812e+00 -3.316510e-01
5.987858e+00  3.093629e-01
4.257121e+00  2.328556e+00
3.808411e+00  4.443902e+00
2.975093e+00  5.341321e+00
3.904563e+00  5.213119e+00
3.263549e+00  5.982335e+00
4.257121e+00  5.629778e+00
5.282743e+00  6.142589e+00
6.725024e+00  5.565676e+00
7.013480e+00  4.091344e+00
